 77.33212,  9.82955, 5.38,0.32
 79.01719, 11.34133, 5.50,0.00
 76.97047,  8.49822, 5.67,0.46
 80.43151,  8.42855, 5.74,-0.16
 76.90962,  9.47008, 6.01,0.81
 80.87931,  5.32316, 6.32,0.17
 81.66183,  6.86851, 6.41,-0.03
 77.02066,  7.89776, 6.41,1.15
 80.22177,  9.72478, 6.61,0.19
 77.49249,  8.17266, 6.84,0.67
 76.11883,  7.83023, 6.85,1.24
 78.03255,  6.85983, 6.87,2.02
 79.38436,  5.48230, 6.89,1.15
 80.54690,  5.39507, 6.89,0.63
 81.17264, 11.52885, 6.89,1.24
 78.54966, 12.07034, 6.93,2.24
 81.75002,  7.17014, 7.02,0.16
 79.48767,  8.10513, 7.06,1.23
 82.72403, 10.16281, 7.07,0.01
 78.00497,  6.83822, 7.14,1.28
 80.50494,  7.01391, 7.14,1.23
 80.43387,  5.87228, 7.16,2.04
 79.42075,  7.35270, 7.17,0.80
 77.44154,  7.18166, 7.29,0.65
 78.99055, 11.97776, 7.37,3.38
 81.46056,  5.95587, 7.38,1.28
 80.29981, 11.10909, 7.38,0.51
 80.10196, 10.89027, 7.39,0.25
 79.54659,  9.21632, 7.39,0.24
 76.30437,  8.94212, 7.43,-0.03
 80.97444, 11.08360, 7.46,0.66
 79.27210,  9.92727, 7.46,0.02
 81.42516,  9.22845, 7.51,1.90
 81.25369,  9.98104, 7.54,1.83
 76.33384,  7.56247, 7.57,-0.08
 82.92098,  9.22597, 7.57,0.35
 79.36337,  8.82907, 7.59,1.34
 80.52476,  7.08964, 7.64,0.55
 77.49068,  9.23207, 7.65,1.32
 77.53327,  9.96235, 7.65,0.01
 78.79398,  8.43223, 7.66,0.39
 81.59395,  8.99993, 7.69,0.08
 82.85298,  7.54823, 7.71,1.30
 81.24952, 11.12705, 7.74,1.31
 78.47487,  9.70272, 7.74,1.48
 81.74674,  8.07806, 7.75,1.20
 77.87947,  5.70259, 7.76,0.67
 82.09680,  8.69101, 7.77,4.92
 79.61620,  6.74643, 7.77,1.17
 79.89443,  5.17645, 7.78,2.06
 77.49650, 10.89248, 7.78,1.33
 78.92900,  9.05833, 7.79,1.27
 79.21723, 12.40922, 7.80,1.20
 78.74330,  6.26448, 7.80,1.66
 76.35983,  7.95000, 7.81,1.22
 80.20538,  8.69093, 7.82,2.20
 78.38320,  5.76804, 7.82,1.20
 80.66548,  9.22931, 7.83,1.97
 78.88519,  9.40990, 7.83,3.76
 80.53401,  8.00511, 7.86,0.28
 82.93304,  8.46659, 7.86,1.87
 77.82507,  7.00509, 7.87,1.23
 78.91448,  8.82346, 7.90,1.60
 76.69060,  6.42162, 7.90,0.64
 78.83014,  7.69265, 7.91,2.33
 82.71570, 10.25437, 7.91,-0.10
 82.69754,  8.39913, 7.92,0.76
 78.14464, 10.40824, 7.93,1.30
 82.22585,  9.44349, 7.93,0.81
 79.77530, 10.53338, 7.96,0.66
 82.24381, 10.13599, 7.97,0.11
 82.66100,  7.46079, 7.99,1.51
 80.62619,  7.17482, 8.00,1.24
 78.49096,  7.41482, 8.02,1.15
 79.68947, 10.02293, 8.02,1.35
 80.89382,  5.82157, 8.03,0.57
 80.30572,  7.35538, 8.04,3.60
 80.23542, 11.69587, 8.04,1.33
 77.93556,  8.60836, 8.05,2.80
 76.99871,  6.45555, 8.06,1.54
 78.79584,  6.56622, 8.07,3.36
 76.08898,  8.20519, 8.13,1.27
 79.76105,  9.15788, 8.13,1.37
 80.80027,  7.05628, 8.14,1.13
 77.67196,  6.54545, 8.15,1.69
 78.89771,  8.44126, 8.15,0.15
 82.71543,  6.77844, 8.16,0.40
 79.65793, 12.08792, 8.18,0.67
 76.63350, 10.64370, 8.21,0.10
 81.66424,  8.13940, 8.21,1.22
 81.10097,  7.85928, 8.23,1.98
 81.48954,  9.45940, 8.23,1.32
 79.61621,  5.15051, 8.24,1.17
 78.86086,  7.05557, 8.24,0.68
 80.48865, 10.25508, 8.28,1.25
 76.69147,  8.09647, 8.28,1.48
 78.79405,  8.43092, 8.28,0.62
 76.00637,  9.01728, 8.29,1.40
 80.57102,  7.19894, 8.29,1.23
 76.17516,  9.97703, 8.31,3.79
 83.03661,  8.64848, 8.31,0.04
 76.64038, 10.16730, 8.32,2.67
 79.28273,  6.30134, 8.33,0.92
 79.64282,  5.01639, 8.34,0.79
 80.58061,  7.01210, 8.35,0.19
 76.40419,  6.27959, 8.36,0.67
 76.96516,  7.15901, 8.36,1.32
 77.97503, 10.44229, 8.37,1.35
 82.32253, 10.13589, 8.38,1.37
 80.74838, 11.41745, 8.39,1.70
 81.63405,  8.25532, 8.39,0.24
 76.57075,  7.05362, 8.42,1.36
 76.04295,  9.14213, 8.42,1.63
 81.13783,  9.17093, 8.43,0.58
 76.58208, 10.28733, 8.44,0.71
 80.33500,  6.95999, 8.44,2.49
 77.41409,  5.89055, 8.45,0.45
 76.39389,  8.46881, 8.45,0.07
 77.21957,  6.35742, 8.45,1.20
 81.19874,  5.82849, 8.46,1.25
 78.40872,  5.32210, 8.46,1.74
 79.93769,  6.04269, 8.47,3.33
 82.98242,  7.61358, 8.47,6.08
 79.07020,  5.30328, 8.48,0.87
 79.35937, 11.72325, 8.52,0.20
 81.17020,  8.50228, 8.52,1.19
 78.24868, 10.08898, 8.53,0.81
 77.28100,  9.15524, 8.54,1.24
 80.28103,  6.21300, 8.54,1.30
 82.71538, 10.25433, 8.54,-0.01
 76.30952,  9.23046, 8.55,2.04
 76.17630,  7.76720, 8.58,1.40
 80.13357,  5.66374, 8.58,0.65
 79.68800,  6.09753, 8.59,1.30
 78.08505, 11.36292, 8.59,0.50
 79.49553, 10.11087, 8.60,0.63
 77.12366,  7.74928, 8.60,1.59
 81.16354,  8.60797, 8.60,3.25
 79.73764,  6.03349, 8.62,1.22
 81.91689,  8.58021, 8.63,0.51
 82.41953,  6.82752, 8.63,0.75
 79.06273, 11.83845, 8.64,2.27
 78.77613,  5.36101, 8.64,0.86
 78.88030,  5.75968, 8.64,0.32
 78.07703,  9.12421, 8.64,0.19
 82.59691,  6.50947, 8.66,1.06
 78.53035, 10.92622, 8.66,1.32
 81.40889,  6.58814, 8.67,1.41
 81.43920,  7.82000, 8.68,0.70
 78.61348,  9.11374, 8.68,0.58
 79.56093,  5.31850, 8.68,-0.02
 81.02593, 11.66305, 8.68,2.04
 77.19464,  6.48200, 8.70,0.64
 79.41232,  7.15081, 8.70,0.06
 77.42695,  5.78219, 8.70,0.41
 78.26330,  9.83663, 8.70,2.77
 80.51324, 10.06289, 8.75,0.59
 80.68314,  6.27734, 8.76,1.72
 77.01158,  9.37529, 8.77,0.56
 80.81270,  7.68500, 8.78,0.54
 82.69279,  9.07475, 8.81,1.36
 78.49640, 11.48485, 8.82,0.55
 80.52434,  8.23542, 8.82,0.52
 78.50360, 10.99227, 8.82,1.71
 77.95812,  5.99707, 8.83,0.40
 77.80405,  7.51103, 8.83,1.54
 78.24451,  9.99816, 8.83,1.27
 80.10617, 11.60976, 8.85,0.91
 81.35245,  7.23601, 8.85,0.24
 82.81576,  9.68873, 8.85,4.10
 76.39149,  7.69536, 8.86,1.16
 79.86717,  5.48653, 8.87,1.81
 80.25363,  9.02725, 8.88,1.53
 82.53648,  6.95929, 8.89,0.32
 81.01637,  6.30664, 8.90,4.23
 78.63135,  9.69819, 8.90,1.82
 78.95875, 11.11515, 8.90,0.66
 78.22522,  9.37333, 8.90,1.38
 77.39093,  8.78664, 8.91,1.31
 79.29926,  8.91311, 8.92,0.82
 76.52842,  8.33893, 8.92,1.16
 80.90883, 10.18590, 8.93,2.10
 82.04073, 10.47556, 8.93,1.63
 82.03353,  6.32719, 8.93,1.38
 78.39208,  6.81990, 8.94,2.27
 77.37883,  9.91890, 8.94,1.46
 81.63525,  9.69139, 8.94,0.72
 79.06433, 12.20337, 8.95,0.66
 78.74946,  7.56798, 8.95,0.40
 77.80316,  8.39693, 8.96,1.40
 79.98239,  8.70164, 8.96,0.83
 76.98124,  8.78149, 8.96,1.19
 80.82707, 11.42461, 8.97,1.68
 76.80797,  6.42260, 8.97,1.79
 79.01877,  9.83879, 8.98,1.41
 76.79629,  9.47889, 8.98,0.25
 81.69208,  8.34993, 8.99,1.40
 80.79344,  6.23592, 9.00,1.41
 78.58023, 11.48815, 9.01,0.13
 76.75751,  7.71169, 9.01,0.07
 77.69510,  6.90014, 9.02,0.49
 77.71857,  7.59485, 9.02,0.51
 80.60263, 10.57284, 9.04,0.57
 79.92254,  5.64522, 9.04,0.76
 79.33767,  6.03010, 9.06,1.22
 77.49798,  9.47765, 9.08,0.22
 82.61978,  8.07520, 9.09,1.91
 81.71683,  6.47284, 9.09,0.80
 77.52578,  6.34165, 9.10,1.16
 82.35258,  7.27799, 9.11,1.62
 77.48388,  7.07447, 9.12,1.21
 79.04431, 10.19135, 9.13,0.64
 82.60993,  9.63659, 9.13,2.08
 82.63744, 10.17673, 9.14,1.30
 79.19935, 11.45604, 9.14,1.06
 81.26986,  7.18494, 9.15,0.22
 77.74436,  8.71020, 9.15,0.46
 80.18005,  7.39615, 9.15,0.49
 79.83184, 10.72853, 9.15,0.66
 79.81281, 10.26095, 9.15,0.45
 80.39564,  5.62762, 9.15,0.81
 82.92303,  9.51763, 9.16,1.44
 78.75377,  9.49291, 9.16,0.53
 80.18240,  6.16235, 9.17,0.43
 82.38860,  9.51040, 9.17,1.49
 78.51886,  5.93813, 9.17,0.76
 82.86321,  8.76163, 9.19,1.64
 77.07467,  8.80049, 9.20,0.56
 76.21554,  8.94087, 9.20,1.48
 76.49545, 10.34299, 9.20,0.24
 80.07057,  5.07445, 9.20,1.28
 77.24782, 10.41585, 9.20,0.73
 78.11540,  6.51296, 9.21,0.72
 82.68899,  8.59265, 9.21,0.85
 81.80473,  6.96632, 9.21,0.69
 78.34710, 10.74905, 9.22,0.21
 79.86434,  7.53784, 9.22,1.26
 80.59233,  5.17439, 9.22,1.32
 76.86829, 10.31144, 9.22,1.30
 80.16057,  7.98026, 9.22,1.42
 78.98889,  7.51489, 9.23,1.42
 76.52235,  8.51697, 9.23,1.73
 80.39031,  7.65820, 9.23,0.39
 79.75199,  7.81276, 9.24,0.27
 83.12349,  7.45044, 9.25,1.37
 76.97927,  8.40216, 9.25,1.04
 76.18186,  7.20188, 9.25,1.97
 77.96395,  9.06837, 9.25,1.56
 81.12847,  5.43676, 9.26,1.68
 76.97984,  8.40177, 9.28,1.00
 79.77610,  8.81877, 9.28,0.64
 79.93658, 12.04863, 9.29,0.52
 78.67352,  9.47711, 9.30,1.39
 81.91578, 10.71416, 9.30,0.63
 77.27941,  6.05726, 9.30,1.17
 77.00875,  7.98625, 9.31,0.59
 81.09459,  9.49605, 9.31,0.96
 78.69940, 10.90008, 9.31,0.23
 78.82249,  6.17262, 9.31,0.74
 81.65235,  8.46018, 9.31,1.34
 76.03761,  8.66467, 9.32,1.35
 76.20988,  9.45677, 9.32,1.98
 77.83402,  6.04520, 9.32,1.24
 80.41221, 10.32705, 9.32,0.80
 80.50922,  8.39283, 9.33,0.68
 78.25245,  8.46759, 9.33,0.26
 78.60962,  9.49625, 9.35,0.24
 79.33349,  6.12808, 9.35,0.63
 80.27789,  9.90600, 9.35,0.73
 81.33027, 11.07021, 9.36,3.48
 78.56149,  5.58512, 9.37,1.32
 80.91020,  9.43649, 9.37,1.68
 76.72986,  7.45376, 9.38,1.97
 79.99213,  5.08662, 9.38,2.89
 81.38045,  9.09872, 9.38,1.96
 77.03241,  6.50327, 9.38,1.45
 82.70818,  7.55671, 9.38,0.51
 80.80505, 11.43917, 9.38,1.14
 76.61527,  9.46878, 9.39,1.19
 82.78320,  9.00647, 9.39,1.80
 80.96511,  7.26107, 9.39,1.62
 79.68898, 10.10327, 9.39,1.52
 78.13838,  9.03259, 9.40,1.59
 79.68369, 11.22798, 9.40,2.06
 76.95372,  9.33117, 9.40,1.52
 81.99889, 10.09103, 9.41,0.52
 76.44256,  8.18248, 9.41,-0.02
 78.07077,  7.47784, 9.43,0.79
 79.91921,  9.60083, 9.43,0.79
 82.01704, 11.21835, 9.43,2.08
 78.02498, 11.51723, 9.43,0.27
 81.71397,  7.96470, 9.44,1.24
 79.24676,  5.95237, 9.45,0.17
 78.08327,  9.09688, 9.46,0.44
 80.06873,  8.14571, 9.46,0.92
 81.75345,  9.11561, 9.46,1.35
 76.51598,  7.53309, 9.46,1.57
 77.80576,  5.99112, 9.49,1.56
 78.96361, 12.03568, 9.49,0.50
 79.45833,  6.71183, 9.49,1.87
 78.30002,  5.61654, 9.49,1.42
 80.57080,  8.42111, 9.50,2.54
 78.89984,  6.93738, 9.50,0.71
 78.06830,  5.63623, 9.50,1.19
 81.55599,  9.52571, 9.51,0.13
 81.93433,  7.55573, 9.51,2.45
 82.64987,  8.35616, 9.52,1.28
 79.57437,  8.91916, 9.52,1.39
 77.36750,  9.77980, 9.52,1.82
 80.09603,  4.85897, 9.52,1.34
 76.82979,  7.38607, 9.53,2.16
 81.31458,  7.80391, 9.53,2.10
 77.75368,  8.04646, 9.53,1.70
 77.21782,  7.16997, 9.53,1.16
 82.61983,  8.32458, 9.53,0.43
 76.17871,  7.26230, 9.53,0.66
 79.16693, 10.78536, 9.54,1.50
 81.07972,  8.14380, 9.54,0.65
 76.20701, 10.26321, 9.55,0.85
 82.02565, 10.30269, 9.55,1.76
 82.25102, 10.49606, 9.55,0.10
 80.19706,  9.34416, 9.55,0.25
 77.27496,  9.43804, 9.56,1.87
 80.01017,  5.78162, 9.56,0.67
 79.99559,  6.60567, 9.56,1.26
 81.70079,  6.88938, 9.57,0.29
 78.56916,  8.70044, 9.57,0.35
 76.51437,  6.09908, 9.58,0.66
 77.80611,  8.63242, 9.58,0.59
 79.73228,  7.40205, 9.59,1.16
 80.31793,  8.19194, 9.60,0.62
 81.30192,  9.38435, 9.60,2.11
 80.77532,  8.98292, 9.60,0.77
 78.61831,  9.12684, 9.60,0.68
 82.06718,  9.13688, 9.60,1.47
 78.47425,  9.20545, 9.61,0.62
 79.27658,  5.35388, 9.61,1.23
 79.48415,  8.28818, 9.61,0.30
 76.77776,  6.20175, 9.61,1.31
 79.10970,  6.46869, 9.62,1.46
 82.72983,  9.26466, 9.62,0.12
 80.41103,  5.27220, 9.62,1.25
 81.91800, 10.25167, 9.62,0.68
 80.94137,  8.14864, 9.62,1.54
 78.67250,  8.63004, 9.62,1.44
 78.95540,  5.64261, 9.63,0.18
 81.02096, 11.38534, 9.63,0.63
 78.25248,  8.46772, 9.63,0.26
 78.32712, 10.47896, 9.64,0.47
 79.91632,  9.53022, 9.65,2.26
 77.40703, 10.50309, 9.65,1.30
 77.90123,  9.85802, 9.66,0.76
 81.98783,  7.89842, 9.66,3.01
 77.53098,  7.97036, 9.66,0.87
 82.15569, 10.17654, 9.66,0.82
 81.56197,  7.72611, 9.66,2.01
 82.23738,  8.80366, 9.67,0.31
 79.64894,  7.00552, 9.67,1.75
 81.17492,  8.60088, 9.67,1.57
 76.87531,  9.47815, 9.67,0.67
 78.36785,  5.39504, 9.68,1.77
 77.80366,  6.58229, 9.68,0.75
 81.34224,  5.97257, 9.68,1.28
 76.41851,  6.46520, 9.68,1.17
 77.56805,  7.20308, 9.69,0.75
 77.07536,  6.14759, 9.69,1.69
 82.98738,  8.91811, 9.69,1.66
 79.02413,  7.18958, 9.69,-0.02
 82.30106, 10.33317, 9.69,0.71
 81.75741,  9.73046, 9.69,0.23
 77.89322,  5.94865, 9.70,1.20
 78.14346,  9.40258, 9.70,0.67
 79.72618,  6.01538, 9.70,0.28
 81.62436,  8.15870, 9.70,1.59
 76.34216,  7.81399, 9.70,1.34
 76.60892,  9.41510, 9.70,1.35
 79.18739,  6.46748, 9.70,1.15
 79.87160,  9.64285, 9.70,1.41
 80.59447,  9.29948, 9.71,1.72
 79.41469,  8.43616, 9.71,0.78
 80.17311,  6.88495, 9.71,0.72
 80.70153,  5.82010, 9.72,0.67
 81.19388,  9.69207, 9.72,2.01
 76.54881,  7.23077, 9.73,1.54
 81.76127,  8.54596, 9.73,1.86
 78.50258,  7.11920, 9.73,0.78
 78.54108,  7.36198, 9.73,1.35
 80.94214,  9.69853, 9.74,2.02
 78.03288,  5.56130, 9.74,1.52
 82.39954,  9.41036, 9.74,1.51
 82.19883,  7.85143, 9.74,0.71
 78.68494, 11.40383, 9.75,0.63
 79.86877, 10.38648, 9.75,0.73
 79.82012, 11.47989, 9.75,1.58
 81.94220,  8.01034, 9.75,1.50
 77.33398,  9.73686, 9.75,0.64
 77.89484,  6.95521, 9.76,0.40
 77.36006,  8.76145, 9.76,1.45
 81.15326,  7.56023, 9.76,0.62
 78.27292, 11.50203, 9.76,0.66
 77.66654,  7.53581, 9.77,0.50
 77.99606,  8.16016, 9.77,2.07
 81.77891, 10.40608, 9.77,1.74
 76.54369,  6.49147, 9.78,0.59
 80.38420, 10.66452, 9.79,0.70
 78.06720,  6.12267, 9.79,1.14
 82.85687,  7.64969, 9.79,1.58
 81.30154,  7.85656, 9.80,1.39
 77.00226,  8.52642, 9.80,2.27
 76.13511,  9.84703, 9.81,1.33
 76.01878,  8.72662, 9.81,0.43
 82.09806, 10.33625, 9.81,0.64
 79.24461,  9.80947, 9.81,1.20
 81.95353,  6.47780, 9.81,0.71
 82.70427,  9.11515, 9.82,1.40
 76.41089,  9.20603, 9.82,1.28
 76.85039,  8.54959, 9.82,0.71
 81.95810,  7.35019, 9.82,1.19
 78.94272,  8.45429, 9.82,0.71
 80.82839,  5.37305, 9.83,2.07
 82.98835,  6.76377, 9.83,0.78
 82.51793,  9.67828, 9.83,2.77
 80.29769,  7.02901, 9.83,0.58
 75.80287,  9.67656, 9.83,1.39
 78.40490,  8.66190, 9.83,1.44
 77.37369,  6.75819, 9.84,0.73
 80.91648,  7.80038, 9.84,2.09
 77.79621,  8.99786, 9.84,2.07
 77.43859,  5.92308, 9.84,1.44
 80.24855,  5.85118, 9.84,1.48
 77.16700,  8.63762, 9.85,1.39
 82.97136,  8.04603, 9.85,0.35
 78.65551, 10.74057, 9.85,1.99
 76.70488,  9.06849, 9.85,0.78
 78.26334,  8.65784, 9.86,1.53
 80.76767, 11.49714, 9.86,1.92
 76.52520,  7.02771, 9.86,0.69
 79.01212,  9.26683, 9.86,0.72
 80.80437,  7.36785, 9.86,0.73
 78.08529,  5.86844, 9.86,1.27
 79.52882,  7.43070, 9.86,0.77
 75.79449,  9.81196, 9.86,0.48
 76.35270,  8.29249, 9.86,1.68
 79.20011,  6.55473, 9.87,0.66
 80.84853,  9.13271, 9.87,0.77
 82.85076,  8.43256, 9.87,0.64
 79.70264,  7.79683, 9.87,2.38
 76.80495,  9.18437, 9.88,1.36
 79.63423,  6.02665, 9.88,1.93
 80.12395,  7.84564, 9.88,0.74
 81.17548,  8.78652, 9.88,1.84
 77.99643,  8.64107, 9.89,0.95
 81.08895,  6.12812, 9.89,0.60
 77.50791,  7.14391, 9.90,0.85
 76.00922,  8.36190, 9.90,0.32
 76.94527,  8.73227, 9.90,1.41
 76.34175,  7.47999, 9.90,1.23
 82.71426,  7.09106, 9.90,0.55
 82.95531,  7.67111, 9.91,0.73
 79.07875,  9.33027, 9.91,1.79
 78.34582,  7.46757, 9.91,0.61
 79.52583, 11.23313, 9.91,1.26
 79.88115,  6.61700, 9.91,1.67
 76.63424,  7.59748, 9.91,1.27
 80.49447,  9.93562, 9.92,2.09
 80.13150,  6.05660, 9.92,0.06
 83.00535,  7.73327, 9.92,0.34
 77.78891,  8.79665, 9.92,2.95
 79.61188,  4.85153, 9.92,1.38
 82.35603,  6.31005, 9.92,0.67
 81.83837,  6.94273, 9.92,1.61
 80.72831,  8.96793, 9.92,1.27
 79.93869,  6.87922, 9.92,0.49
 79.32814, 11.99727, 9.93,0.33
 79.99468,  8.78778, 9.93,0.37
 79.35267,  8.08250, 9.93,0.95
 78.12927,  5.55399, 9.93,0.78
 79.90145,  8.34992, 9.94,1.65
 76.96275,  6.63758, 9.94,1.81
 82.78183, 10.38582, 9.95,0.69
 80.27381,  5.58620, 9.95,0.68
 79.24877,  7.64001, 9.95,1.97
 78.64410, 12.16487, 9.95,0.44
 78.02512,  8.97420, 9.96,0.91
 76.22476,  9.18048, 9.96,0.65
 82.31737,  7.25862, 9.96,2.00
 79.89066, 11.42024, 9.97,0.59
 81.31457,  8.29834, 9.98,0.24
 80.06689, 10.28582, 9.98,1.43
 80.73020, 10.96922, 9.98,0.76
 78.58891,  6.53428, 9.98,1.67
 76.93224,  6.06315, 9.99,0.61
 82.16219,  9.98222, 9.99,1.36
 77.63553,  8.96936, 9.99,0.41
 81.69509,  6.92442, 9.99,0.78
 78.41655, 10.39500, 9.99,0.52
 76.02621,  9.27192, 9.99,1.28
 80.62365, 11.84013,10.00,1.96
 77.06903,  7.62067,10.00,0.67
 78.09187,  9.55682,10.00,1.39
 79.04596, 10.61318,10.00,2.44
 82.22727,  9.43167,10.00,2.16
 76.76519,  9.80006,10.00,1.36
 77.30963,  8.06344,10.00,0.75
 77.59799,  5.92641,10.00,0.47
 78.86839,  5.66373,10.00,2.38
 80.77511, 11.10186,10.00,0.73
 77.35701,  7.04048,10.01,1.25
 77.49678, 10.89152,10.01,0.56
 78.49651,  5.72809,10.01,1.20
 81.90557,  7.73091,10.01,0.39
 76.93215,  6.06321,10.01,0.61
 80.16398,  9.69102,10.01,0.95
 76.35332,  7.43010,10.01,1.81
 79.58243, 11.07562,10.02,2.75
 79.82013,  9.22407,10.02,2.14
 78.49993,  9.30299,10.02,0.41
 79.59661,  5.56295,10.02,0.37
 79.26811,  9.37060,10.03,0.81
 77.38358,  8.36476,10.03,1.60
 78.42633, 10.37985,10.03,1.08
 78.24165,  6.09209,10.03,1.63
 78.61492,  6.00302,10.03,1.72
 81.15448,  5.61799,10.05,1.41
 77.33875,  9.41214,10.05,1.49
 79.42780, 11.01236,10.05,1.08
 81.77602,  8.44333,10.05,0.95
 77.49150,  8.17250,10.06,1.21
 78.02626,  8.10800,10.06,3.56
 82.58582,  7.80174,10.06,0.74
 82.68174, 10.23583,10.06,0.45
 80.84270, 11.52308,10.06,1.79
 82.54450, 10.42042,10.07,2.21
 76.68395,  6.74185,10.07,0.32
 82.34505,  8.64431,10.07,0.68
 78.08672, 10.56232,10.07,0.71
 79.31991,  9.85427,10.07,0.58
 79.24337,  6.75026,10.07,1.35
 77.66943,  6.47661,10.07,1.19
 77.40375,  7.67878,10.07,1.57
 80.17687,  6.15492,10.08,0.37
 81.09234, 10.26991,10.08,1.42
 78.06298,  9.29197,10.08,4.27
 82.46278,  7.19622,10.09,1.67
 81.06925, 11.53016,10.09,0.85
 76.23892,  8.83486,10.09,0.18
 78.10932,  5.71626,10.09,1.39
 78.52195,  9.73524,10.09,1.64
 82.33485,  7.46467,10.09,0.32
 76.86859,  5.93767,10.09,1.16
 82.29577,  9.31050,10.10,1.84
 76.20793,  9.41622,10.10,0.32
 79.55384,  6.81877,10.10,0.71
 79.23964,  5.43250,10.10,1.65
 80.95793,  7.62942,10.10,0.35
 82.17844,  9.75870,10.10,0.42
 78.47726,  9.33948,10.10,0.17
 80.86748,  5.71115,10.11,0.12
 81.88590,  9.92155,10.11,3.52
 77.48733,  7.58421,10.11,0.18
 81.57617,  9.43391,10.11,0.77
 77.64633,  7.70378,10.11,2.58
 79.76276, 10.16761,10.11,1.93
 80.52884,  6.80576,10.12,0.44
 77.46548,  8.24567,10.12,1.39
 80.48105,  6.82491,10.12,0.35
 82.75621, 10.74070,10.12,1.18
 76.71968,  8.70109,10.12,0.26
 81.27376,  9.67475,10.13,1.18
 80.23446,  8.95653,10.13,0.71
 79.58336,  6.73167,10.13,0.65
 78.10400,  6.25189,10.13,0.14
 79.07135,  9.51798,10.13,1.96
 82.83360,  7.12860,10.13,0.24
 79.81446,  6.32353,10.13,0.49
 80.36682,  7.65409,10.13,2.20
 77.85169, 10.20138,10.14,2.23
 76.11211, 10.18638,10.14,0.82
 81.60190,  5.77316,10.15,1.62
 81.00053,  9.91402,10.15,2.50
 80.42793, 11.52007,10.15,0.75
 78.54842,  8.06011,10.15,1.43
 82.01748,  7.03523,10.15,1.47
 77.76462,  7.10957,10.16,0.70
 80.82327,  9.51699,10.16,1.45
 80.21511,  5.11005,10.16,1.23
 78.75813,  6.16670,10.17,0.04
 76.63394,  7.44965,10.17,1.51
 80.57988, 10.57504,10.17,1.11
 79.53932,  5.37932,10.17,1.83
 75.95039,  8.92991,10.17,0.13
 79.88193,  6.37592,10.17,1.51
 81.92358,  7.91852,10.18,0.34
 80.97066,  6.26526,10.18,0.71
 77.48741,  6.09113,10.18,0.85
 81.23219, 11.22931,10.18,0.41
 77.48021, 10.32356,10.18,1.63
 82.79108,  9.90109,10.18,1.46
 77.86260,  9.14543,10.19,2.00
 76.33620,  6.58315,10.19,0.76
 76.91246,  9.95916,10.19,0.28
 81.39112,  9.85493,10.19,1.42
 79.95443,  6.40301,10.19,0.48
 81.49706, 10.30586,10.19,1.31
 79.82580,  9.13101,10.20,1.55
 76.98588,  7.26619,10.20,1.29
 81.17787,  8.57459,10.20,0.26
 82.17350,  8.65513,10.20,1.75
 79.37027,  6.59043,10.20,1.29
 81.93816, 10.77841,10.21,0.78
 78.97151,  5.92093,10.21,0.48
 77.48463,  9.37791,10.21,0.69
 80.43129,  5.02781,10.21,1.26
 79.63407,  5.51884,10.21,1.21
 76.81486,  6.31315,10.22,1.21
 79.23618, 10.10035,10.22,0.76
 79.24729,  8.68617,10.22,0.48
 79.88793, 11.80811,10.22,0.81
 83.02971,  6.96344,10.22,0.52
 82.59924,  8.49050,10.22,0.61
 78.76607, 11.43489,10.22,0.82
 81.82748,  9.91165,10.22,0.87
 76.22353,  7.29883,10.22,0.64
 81.68597,  6.38799,10.22,0.63
 81.26416,  9.22398,10.23,1.16
 79.81161,  8.99734,10.23,1.74
 77.98136,  5.71610,10.23,1.14
 81.74329,  6.81114,10.23,1.28
 78.34021,  7.74430,10.23,0.83
 78.89640,  5.84229,10.23,1.15
 81.34649, 11.10372,10.24,1.62
 81.91586,  6.27538,10.24,0.79
 76.40227,  9.87340,10.24,1.27
 82.50274,  7.34447,10.24,3.03
 81.51676,  9.41851,10.24,0.88
 77.90439,  6.18686,10.25,0.38
 78.59453,  8.87311,10.25,0.71
 79.87394,  8.76530,10.26,1.16
 81.18813, 11.34629,10.26,0.87
 81.14099,  5.85094,10.26,1.94
 81.75556,  7.53353,10.26,1.57
 78.99048, 12.04481,10.27,0.69
 82.34339,  6.42453,10.27,1.45
 80.16553,  5.17773,10.27,1.30
 77.46943,  7.92185,10.27,0.60
 82.16127,  9.78312,10.27,0.55
 78.71731,  6.08534,10.27,1.11
 80.00554, 11.55995,10.28,0.55
 80.48369,  5.66772,10.28,0.64
 81.62960,  9.63028,10.28,0.76
 80.28085,  7.86484,10.28,0.75
 81.24984,  6.93577,10.28,2.01
 80.72707,  8.20112,10.28,1.08
 82.61913, 10.37187,10.28,0.79
 77.48541,  6.08862,10.28,0.92
 80.54859,  5.39709,10.29,1.24
 78.42323,  9.19011,10.29,0.78
 78.93447,  6.06172,10.29,0.80
 78.75124,  6.82738,10.29,0.34
 81.02337,  8.17569,10.29,0.67
 79.55873,  7.08774,10.29,3.66
 80.84542,  5.68405,10.30,0.70
 79.98431,  5.46228,10.30,1.80
 78.34449, 11.55426,10.30,0.79
 76.80172,  6.71774,10.30,0.78
 79.01129,  9.08871,10.30,1.63
 76.00978,  8.74102,10.30,0.59
 76.72350,  6.11550,10.30,0.84
 81.19354,  7.32791,10.30,0.71
 79.01771,  7.20620,10.30,1.20
 77.79173,  7.50383,10.30,0.79
 77.21407, 10.98331,10.31,1.29
 77.96388,  7.12043,10.31,1.51
 78.62548, 10.45212,10.31,1.62
 76.67968,  7.92448,10.31,1.32
 76.18183,  9.08782,10.31,1.57
 80.83884,  9.77958,10.31,2.12
 80.33727, 11.69435,10.31,1.70
 76.47206,  9.76343,10.31,1.40
 80.60080,  8.41644,10.31,0.76
 77.94616,  6.71396,10.32,1.96
 78.40065,  9.65791,10.32,0.64
 76.74778,  7.78359,10.32,0.82
 81.65455, 11.27810,10.32,0.75
 78.03956,  8.19216,10.32,1.46
 80.78423,  6.66666,10.32,1.58
 80.96710,  8.16217,10.32,0.67
 82.33141,  8.57341,10.32,0.65
 80.76437,  8.77433,10.32,1.59
 80.40134,  5.16860,10.32,1.36
 77.27189,  9.85063,10.33,1.38
 80.97438,  7.25711,10.33,0.42
 76.70739, 10.14341,10.33,1.02
 78.23083,  9.21076,10.33,0.40
 77.92716,  9.55012,10.33,1.35
 82.79274,  9.51218,10.33,1.69
 79.09268,  8.29150,10.34,0.86
 78.60248,  5.98981,10.34,1.30
 79.28578,  9.01856,10.34,1.00
 78.84007,  5.58341,10.35,0.20
 80.54190,  6.35234,10.35,1.67
 79.69276,  9.25299,10.35,0.75
 80.67819,  7.96358,10.35,2.23
 76.56028,  8.30673,10.35,0.31
 80.26107,  6.81562,10.35,1.79
 79.68400,  8.18754,10.36,0.80
 76.17325,  9.15605,10.36,1.38
 79.53186,  8.91861,10.36,0.96
 76.87977, 10.17685,10.37,0.96
 79.42958, 11.15505,10.37,0.57
 82.72016,  9.38732,10.37,0.74
 80.00737,  5.86936,10.37,1.50
 80.19519,  5.13115,10.37,1.54
 77.18380, 10.37115,10.37,0.72
 79.04673, 11.25596,10.37,3.00
 82.73956, 10.23319,10.37,1.46
 78.01055,  5.45882,10.37,0.61
 78.65214, 10.45687,10.38,2.34
 80.50694,  6.82439,10.38,1.42
 80.64954,  8.53759,10.38,2.48
 81.54323,  6.91231,10.38,0.54
 81.95464, 10.87249,10.38,0.59
 82.62972,  8.48478,10.38,2.14
 82.30080,  9.07665,10.38,0.75
 81.80517,  6.96709,10.38,0.00
 77.77108,  7.81716,10.39,1.73
 77.60506,  6.22878,10.39,0.74
 76.89020, 10.41492,10.39,0.78
 79.98803, 11.43372,10.39,2.44
 77.60507,  6.22870,10.39,0.74
 81.39497,  9.25636,10.39,2.11
 77.41368,  8.46966,10.39,1.35
 78.80534,  5.86233,10.40,0.54
 78.19943,  7.64620,10.40,1.32
 78.77145,  8.08066,10.40,0.43
 81.85642, 10.51655,10.40,1.33
 82.29781,  8.91203,10.40,0.84
 77.95957,  9.03754,10.40,0.81
 83.00250,  8.64194,10.41,1.90
 79.91509,  7.80528,10.41,0.61
 79.26385,  6.66398,10.41,0.59
 78.49081,  8.76673,10.41,0.66
 79.93950,  7.10194,10.41,1.16
 82.25935, 10.24896,10.42,1.75
 78.67796, 10.78943,10.42,1.82
 78.78417,  6.44119,10.42,0.01
 80.07111,  5.66506,10.42,0.59
 81.73670,  8.80944,10.42,0.98
 81.79398, 11.04730,10.42,2.21
 80.80734,  7.03048,10.42,2.85
 80.70990,  6.08265,10.42,1.33
 81.10473, 10.89694,10.42,0.78
 76.69855,  6.49494,10.43,0.64
 76.87784,  7.00480,10.43,0.99
 78.75258,  9.99746,10.43,0.91
 77.01660,  6.46074,10.43,1.60
 79.13566,  9.80299,10.44,0.61
 77.71351, 10.00402,10.44,1.49
 81.15310,  9.71192,10.44,0.73
 78.20022,  9.44803,10.44,1.29
 79.40385,  6.03324,10.44,1.97
 78.02868, 11.02068,10.44,1.10
 77.52695,  7.65123,10.44,0.83
 77.44041,  6.93977,10.45,0.87
 76.59205,  8.34776,10.45,0.83
 79.65652,  7.82122,10.45,0.82
 78.88355,  7.50225,10.45,0.59
 81.01342,  8.47176,10.45,0.83
 80.47418,  9.73791,10.45,1.61
 82.93673,  7.64870,10.45,0.91
 79.92247, 11.87850,10.46,0.75
 76.46196,  6.37474,10.46,0.79
 79.12643, 11.09067,10.46,0.58
 80.77356,  9.68959,10.46,0.98
 82.79294,  8.65494,10.46,0.96
 77.03507,  6.96423,10.46,0.63
 82.11674,  7.30836,10.46,0.47
 82.16361, 10.57849,10.46,0.70
 79.74482,  8.64102,10.46,2.07
 80.61715,  8.03247,10.46,2.90
 77.69859, 10.97877,10.47,0.74
 78.14084,  7.38128,10.47,0.19
 77.28230, 10.77522,10.47,1.63
 80.14283,  7.65755,10.47,2.73
 77.22517,  8.10647,10.48,1.67
 82.46163,  7.08088,10.48,0.61
 79.59270, 12.20168,10.48,0.69
 81.12034,  5.82758,10.48,0.70
 78.85135, 10.95493,10.48,0.81
 79.45501, 10.70605,10.48,0.66
 82.16489,  7.01107,10.48,2.28
 78.62285,  9.84803,10.48,1.09
 78.37746,  7.18083,10.48,0.77
 78.23823,  8.12685,10.49,0.88
 80.71870,  7.89688,10.49,1.61
 80.54762,  9.20191,10.49,1.54
 82.12499,  6.38801,10.49,0.67
 76.90103,  6.21334,10.49,0.79
 78.95152,  6.72033,10.49,1.29
 81.62073, 10.74384,10.49,0.78
 76.41687,  8.53155,10.49,0.78
 78.09008,  6.20109,10.50,0.75
 77.25395,  6.90449,10.50,1.29
 78.49629,  6.66375,10.50,1.39
 78.45387,  9.18202,10.50,0.81
 76.59089,  7.30218,10.50,0.86
 77.29870, 10.83931,10.50,1.26
 81.43768,  8.34541,10.50,0.61
 76.23288,  6.79969,10.50,0.61
 81.90420,  9.10886,10.51,0.42
 80.79381,  6.66806,10.51,0.56
 82.33315, 10.49907,10.51,0.68
 81.89891, 10.47355,10.51,1.53
 79.12257,  7.36026,10.51,1.47
 81.37655,  9.75861,10.51,1.69
 81.79521,  6.13637,10.51,0.79
 79.08405,  7.60706,10.51,1.47
 80.94421,  8.18386,10.51,2.47
 78.36516,  5.48312,10.52,2.04
 78.91246, 10.80526,10.52,0.82
 76.74951,  8.11617,10.52,1.31
 82.35502,  7.18588,10.52,0.79
 77.00551, 10.17804,10.52,1.49
 78.83298, 10.10911,10.52,0.46
 78.43738,  6.59495,10.53,1.63
 80.61731,  6.32843,10.53,0.67
 77.60863,  9.10984,10.53,1.37
 81.65160,  8.56404,10.53,1.60
 79.13924,  7.74503,10.53,0.78
 81.00611,  9.12048,10.54,1.69
 78.96019,  8.57013,10.54,1.44
 79.17285,  9.75273,10.54,0.92
 79.49553,  6.69907,10.54,1.42
 80.58058, 11.01938,10.54,0.49
 80.77326,  8.88478,10.54,2.08
 76.37640,  6.22915,10.54,0.72
 81.29289,  6.77127,10.54,2.33
 82.00149,  9.15800,10.54,0.97
 80.52441,  9.70003,10.54,0.61
 81.25963, 11.55476,10.54,1.45
 83.00713,  8.33711,10.55,0.82
 80.50151,  8.76480,10.55,0.82
 81.66054,  9.63892,10.55,1.37
 79.66408,  6.98199,10.55,0.73
 78.12357,  7.02269,10.55,1.29
 81.93252,  7.56570,10.55,0.92
 81.50944,  8.23322,10.55,0.31
 76.57736,  9.01299,10.56,1.18
 76.11926,  7.99709,10.56,1.26
 81.22909, 10.12393,10.56,1.36
 81.69693, 10.68455,10.56,1.30
 82.23593,  9.92056,10.56,2.20
 81.40586,  5.96964,10.56,0.85
 79.32967,  9.39254,10.56,0.63
 80.91158,  6.06585,10.56,1.12
 79.65230,  8.63599,10.56,1.30
 80.60685,  5.96654,10.57,0.53
 81.77708,  9.08490,10.57,0.28
 82.27514, 10.65753,10.57,0.97
 81.80723,  8.14176,10.57,1.97
 81.14048,  7.80575,10.57,0.60
 76.13139,  8.06577,10.57,0.43
 78.25125,  7.21401,10.57,0.81
 78.88689, 11.46046,10.57,0.78
 79.42076,  5.50523,10.58,1.43
 80.86393,  8.18419,10.58,1.09
 78.53186,  8.36647,10.58,1.64
 79.12971, 12.43430,10.58,1.69
 81.24755, 10.41999,10.58,1.10
 82.75028,  6.60089,10.58,1.47
 81.40120,  9.56067,10.58,0.62
 78.75756,  6.30994,10.59,1.48
 82.31330,  8.70895,10.59,0.80
 77.48890, 10.26185,10.59,1.35
 79.02167,  6.42101,10.59,1.24
 81.72566, 10.65954,10.59,0.64
 81.45208,  8.29947,10.59,1.42
 79.44218,  8.68758,10.59,2.10
 76.16132,  8.93983,10.59,0.39
 78.86902,  6.29521,10.60,0.20
 79.77571,  5.96302,10.60,0.85
 77.61667,  9.22561,10.60,2.27
 80.18427,  6.46022,10.60,0.68
 80.24875,  5.43446,10.60,1.33
 81.74693,  6.99893,10.60,0.87
 76.05134,  8.01997,10.60,1.30
 77.43265,  7.45699,10.60,2.58
 82.16835,  6.70713,10.60,0.78
 79.78940, 10.48332,10.60,0.82
 78.09572,  7.95420,10.61,0.77
 77.27911,  8.84873,10.61,1.38
 77.58969,  9.63718,10.61,0.87
 81.91150,  9.29829,10.61,1.90
 79.96974,  6.59172,10.61,0.68
 81.47137,  6.14189,10.61,0.76
 78.81691,  9.36894,10.61,2.19
 81.78038, 11.06352,10.61,1.48
 77.76494,  6.14796,10.61,0.88
 81.40946,  8.23783,10.61,0.84
 80.55000,  5.02318,10.61,2.36
 79.64599,  8.11441,10.61,2.69
 79.12019,  6.94233,10.61,1.27
 82.65186,  9.13680,10.62,2.47
 80.13721,  9.69479,10.62,1.80
 77.96950,  8.73736,10.62,1.38
 77.71851,  6.27444,10.62,1.23
 77.29235,  9.87561,10.62,0.72
 80.25387,  6.37900,10.62,1.91
 81.63097,  6.00444,10.63,1.46
 80.76943,  9.56671,10.63,0.80
 79.27619, 12.19203,10.63,1.83
 80.78021, 11.39218,10.63,0.76
 78.13782,  9.18329,10.63,0.72
 76.14761,  8.64639,10.63,1.99
 81.19362,  7.26792,10.63,0.44
 81.95489,  9.73045,10.64,0.67
 81.96751,  9.87779,10.64,0.89
 82.71903,  9.12944,10.64,0.65
 78.03041,  7.52269,10.64,0.98
 81.79949, 10.72892,10.64,1.50
 78.99534, 10.10579,10.64,0.75
 82.76248,  8.74647,10.64,0.94
 82.62442,  6.77832,10.64,0.79
 76.77934,  8.88053,10.64,0.60
 81.43068,  9.17530,10.65,0.25
 82.91543,  8.49461,10.65,0.58
 77.31852,  6.41672,10.65,2.15
 79.99332,  7.67699,10.65,0.80
 79.20072,  6.03448,10.65,1.41
 80.37347, 11.55072,10.65,2.25
 80.90437,  6.62512,10.66,0.54
 77.56853,  9.62153,10.66,1.63
 77.94627,  9.96026,10.66,1.31
 77.74032,  9.47135,10.66,1.34
 80.43165,  6.04715,10.66,1.21
 76.62061,  7.56379,10.67,1.11
 79.20996, 11.37263,10.67,1.00
 82.89694,  9.52620,10.67,0.65
 77.44111,  6.28715,10.67,0.60
 81.88219,  9.23174,10.67,0.52
 81.07977,  5.99235,10.67,1.35
 83.04650,  6.84567,10.68,0.20
 82.67695,  7.67649,10.68,2.12
 81.88705,  9.67277,10.68,1.57
 81.88492, 10.67539,10.68,0.59
 77.62721,  7.56330,10.69,1.23
 81.71439,  7.56761,10.69,0.66
 81.46624, 11.47716,10.69,0.90
 81.49122,  9.12286,10.69,0.88
 81.73860, 11.15603,10.69,1.75
 76.82807,  7.84540,10.69,0.75
 76.64740,  9.11971,10.69,1.13
 79.56882,  6.30730,10.69,0.65
 81.29729, 10.08379,10.70,0.83
 76.20094,  8.50134,10.70,1.32
 78.44658, 11.33899,10.70,2.60
 79.69993,  9.62901,10.70,0.67
 77.80975,  6.56920,10.71,0.44
 80.06627,  5.41387,10.71,0.87
 78.66320,  5.35422,10.71,0.75
 78.71940,  6.64515,10.71,1.54
 81.21199,  5.83652,10.71,0.56
 76.40470,  7.48887,10.71,1.34
 81.52866,  6.62319,10.71,2.02
 79.56912,  5.88266,10.71,0.78
 78.65696, 12.08618,10.72,0.87
 76.77065,  6.30759,10.72,1.27
 79.58043,  8.96617,10.72,1.58
 80.28036,  6.83952,10.72,1.56
 82.86757,  8.53127,10.72,1.50
 76.71826, 10.28477,10.72,2.35
 82.74842,  6.64815,10.72,2.52
 79.70244,  9.49094,10.73,0.64
 77.09747,  7.08568,10.73,1.37
 82.62461,  9.41101,10.73,1.85
 81.08231, 10.04287,10.73,0.77
 79.14879, 10.89536,10.73,1.59
 80.23179, 10.79311,10.73,0.71
 81.33565,  9.45839,10.73,1.52
 80.56089,  5.35254,10.73,0.85
 76.67367,  6.27226,10.73,1.48
 76.41260,  8.59355,10.73,1.25
 78.43772, 11.81305,10.73,0.92
 81.06907, 10.26971,10.74,0.77
 82.76239,  7.88603,10.74,1.38
 81.63453, 11.06601,10.74,0.58
 79.63598, 10.34197,10.74,0.80
 82.45500,  7.17551,10.74,3.24
 79.76968,  9.91249,10.74,1.22
 82.57776,  9.83053,10.74,0.71
 76.50435,  9.18590,10.74,1.29
 77.76656,  8.82019,10.75,0.77
 76.83100,  6.45872,10.75,0.91
 82.75578,  8.89523,10.75,1.33
 80.26209,  5.68255,10.76,1.12
 78.59912, 11.97010,10.76,0.51
 79.79568, 11.08098,10.76,0.83
 77.00137,  6.59996,10.76,0.63
 79.34641,  6.08471,10.76,1.19
 77.83086,  7.90891,10.76,1.47
 79.63393,  4.85121,10.76,0.58
 77.59337,  5.67870,10.76,0.84
 79.17407, 10.09777,10.76,0.78
 77.32266,  9.96245,10.76,1.84
 80.95632,  9.71544,10.76,0.47
 82.62763,  8.97648,10.76,0.87
 78.67404,  7.17400,10.76,1.63
 82.86052,  9.46624,10.77,1.99
 78.03821, 10.03929,10.77,1.72
 76.86580, 10.10441,10.77,0.75
 81.29191,  8.01990,10.77,0.87
 76.84551,  5.98354,10.77,0.60
 82.74693,  9.43916,10.77,0.52
 76.30438,  9.45671,10.77,1.58
 77.70411,  9.52762,10.77,0.76
 82.22175, 10.07090,10.77,0.60
 81.76782,  8.52258,10.77,1.75
 77.22666, 10.55950,10.77,0.85
 78.49457, 10.62344,10.77,1.53
 80.60119,  9.98501,10.77,1.76
 79.39242,  9.47988,10.78,1.55
 78.25793,  8.95317,10.78,1.48
 81.51610,  9.72896,10.78,1.62
 79.94088,  6.84289,10.78,1.07
 78.62029, 10.96248,10.78,1.47
 79.28907, 12.39392,10.78,1.79
 81.83962,  6.86729,10.78,0.62
 81.92914, 10.54248,10.79,0.74
 80.79637,  6.10380,10.79,1.59
 81.64364, 10.51343,10.79,1.51
 77.95384,  7.90417,10.79,1.77
 79.69838,  6.51724,10.79,0.71
 79.13933,  7.74546,10.79,0.71
 79.81618,  5.24941,10.79,0.79
 77.50930,  9.22614,10.79,0.94
 81.13761, 11.17859,10.79,1.62
 78.88691,  6.23821,10.80,2.04
 80.53624,  9.67702,10.80,2.04
 80.74446, 10.43955,10.80,2.16
 77.05932,  8.12143,10.80,0.92
 78.62984,  7.93491,10.80,0.72
 79.23273,  9.07595,10.80,0.92
 76.57956,  6.72770,10.80,0.79
 79.00649, 12.26396,10.80,1.91
 79.82470, 10.44609,10.80,0.73
 81.69777, 10.81550,10.80,1.45
 76.86848,  6.29870,10.80,0.72
 78.77355,  7.65835,10.81,0.81
 78.20524,  6.64306,10.81,0.84
 77.14185, 10.09127,10.81,0.64
 78.86432,  6.60049,10.81,0.89
 78.98912, 10.85137,10.81,0.80
 76.54722,  9.01808,10.82,0.69
 78.83138,  8.77565,10.82,0.48
 77.90774, 11.03933,10.82,2.50
 80.46966,  8.87941,10.82,1.28
 78.69786, 10.82934,10.82,1.30
 81.51127,  8.66078,10.83,0.51
 80.01588,  7.45120,10.83,0.90
 82.58551,  9.94451,10.83,1.55
 76.77603,  8.18916,10.83,1.96
 82.01708, 10.14114,10.84,1.78
 79.89833,  6.12367,10.84,0.75
 79.22471,  6.35680,10.84,0.62
 79.58554,  5.67651,10.84,1.40
 78.90304,  8.58905,10.84,2.38
 82.55311,  9.47564,10.84,0.64
 79.82987,  8.41708,10.84,0.81
 77.90590, 11.52472,10.84,1.04
 79.82682, 12.12710,10.84,0.69
 81.75963,  9.39361,10.84,0.62
 77.92856,  6.41481,10.84,1.25
 78.73814,  8.20706,10.85,1.41
 77.91538,  7.37688,10.85,1.28
 78.76876,  5.22168,10.85,0.69
 79.40927, 11.62101,10.85,1.96
 79.67071,  5.31149,10.85,1.20
 78.10819,  5.77926,10.85,0.26
 77.22683, 11.03987,10.85,1.49
 77.27011,  8.44324,10.85,1.23
 80.79284, 11.56193,10.85,1.00
 79.07187, 11.14074,10.86,2.60
 79.43096,  6.15231,10.86,0.95
 78.91785,  7.49538,10.86,0.71
 82.74038,  7.80042,10.86,0.71
 81.29977,  7.01506,10.86,0.56
 78.57726,  7.28926,10.86,1.84
 81.64070,  8.30896,10.86,2.31
 76.66068,  8.01061,10.86,1.23
 78.55625,  7.20922,10.86,0.61
 82.42044, 10.79242,10.86,0.63
 80.69674,  7.69084,10.87,0.71
 78.80696,  6.87477,10.87,0.77
 77.88415,  6.77015,10.87,1.83
 76.13073,  8.97352,10.87,0.36
 79.98032,  5.48268,10.87,1.30
 76.81417,  7.93675,10.87,0.75
 76.43571,  9.20394,10.87,1.30
 80.35477,  9.63641,10.87,1.57
 81.33507,  9.75952,10.87,0.83
 77.88108, 10.45268,10.87,1.27
 81.67606,  8.77659,10.88,1.55
 82.10884,  8.44018,10.88,1.65
 78.76470, 11.42630,10.88,0.84
 79.99524,  5.48004,10.88,1.54
 80.00416,  8.12240,10.88,0.98
 79.02501, 11.10791,10.88,0.69
 80.55029,  7.68261,10.88,1.91
 77.57219,  7.28873,10.88,0.55
 77.29511,  9.79833,10.88,1.22
 80.90011,  9.68125,10.88,0.82
 78.24658,  9.60959,10.88,0.92
 79.73573,  5.42813,10.88,0.79
 77.47929,  9.18974,10.88,0.44
 79.91837,  5.79123,10.89,1.77
 82.55065, 10.51611,10.89,1.31
 79.78243,  4.86333,10.89,0.85
 78.50180,  7.37227,10.89,1.82
 76.56757,  8.87742,10.89,1.29
 76.61934, 10.14945,10.89,0.91
 79.66642, 11.63782,10.90,2.04
 80.92643, 11.19078,10.90,0.80
 77.73913,  7.12111,10.90,1.43
 77.46295,  8.77614,10.90,0.74
 78.64335,  8.76676,10.90,0.64
 79.12693, 11.11349,10.90,1.04
 78.94153,  6.13528,10.90,1.18
 81.59486, 11.28958,10.90,0.77
 82.37611, 10.84211,10.90,1.58
 82.22039, 10.40428,10.90,0.70
 78.53027, 11.35899,10.90,0.75
 80.98777, 11.01500,10.90,0.81
 80.26657, 11.80387,10.90,0.93
 77.49814,  9.96638,10.91,0.45
 78.96375,  7.23154,10.91,1.25
 82.93980,  9.11294,10.91,1.47
 77.08840,  8.78820,10.91,1.54
 82.16003,  8.60903,10.91,1.45
 80.61941,  6.96332,10.91,1.49
 80.93660,  5.63625,10.91,0.98
 79.55361,  9.87235,10.91,0.86
 80.51392,  5.01460,10.91,1.53
 78.18949,  5.81570,10.91,1.18
 82.00871, 10.90756,10.91,1.94
 81.01277,  5.82989,10.91,1.57
 82.11654,  8.72200,10.91,0.82
 81.36259, 10.49640,10.91,0.77
 79.41200,  6.19320,10.92,1.07
 81.98685,  8.90878,10.92,0.52
 78.84247,  5.93366,10.92,0.65
 76.94006,  8.58082,10.92,0.71
 80.77518,  7.74774,10.92,0.53
 81.91922,  7.42776,10.92,1.62
 80.66434,  9.47619,10.92,1.82
 79.71774,  7.89978,10.92,0.66
 76.85613,  9.93153,10.93,0.91
 81.29480,  7.95167,10.93,0.83
 78.05617,  8.73447,10.93,1.01
 82.12589,  7.69098,10.93,1.60
 78.60520,  7.71450,10.93,0.42
 78.99393,  9.68849,10.93,1.53
 78.60198,  9.38337,10.93,1.77
 80.73530,  9.36182,10.93,1.70
 77.82798,  8.06397,10.93,1.53
 79.21674, 11.72709,10.93,1.94
 81.74195,  8.56428,10.93,1.24
 78.48818,  5.46683,10.93,0.80
 79.84097,  8.29651,10.94,0.87
 77.47767,  6.87213,10.94,0.70
 79.56643,  5.28305,10.94,0.59
 82.75529, 10.08779,10.94,1.60
 77.22084,  6.72745,10.94,1.47
 77.22727,  7.51762,10.94,1.24
 79.47125, 10.88360,10.94,1.62
 78.23515, 11.13120,10.94,1.70
 78.30112, 10.18481,10.94,1.37
 76.83075,  6.86799,10.94,0.40
 77.26371, 10.39517,10.94,1.61
 78.65601,  7.39338,10.94,1.30
 79.94499,  9.81765,10.94,1.88
 77.23428,  8.41895,10.94,1.04
 82.52378,  7.66298,10.94,0.84
 77.65750,  5.94998,10.95,1.64
 78.98783,  6.92338,10.95,0.66
 81.39487,  9.78427,10.95,0.93
 78.61345,  6.84524,10.95,0.48
 78.23040,  5.41033,10.95,1.30
 78.63302, 11.02114,10.96,0.91
 80.00879,  5.43360,10.96,0.76
 79.22949, 10.68007,10.96,1.74
 77.32227, 10.16700,10.96,1.20
 82.53529,  6.55967,10.96,1.46
 77.86945, 10.58246,10.96,0.94
 82.07481,  8.46228,10.96,0.92
 78.24013,  5.64564,10.96,0.99
 82.13410,  7.00836,10.96,1.48
 82.81224,  6.92862,10.97,1.31
 78.64873,  9.46069,10.97,2.22
 81.22001,  9.45324,10.97,0.76
 77.00037,  8.98451,10.97,0.77
 82.32003,  7.59445,10.97,1.63
 80.07098,  5.17810,10.97,0.51
 80.83445,  9.57866,10.97,0.46
 82.68514,  7.79731,10.97,1.48
 77.47250,  6.33948,10.97,0.80
 81.95132, 11.22858,10.97,0.68
 77.46856,  9.22826,10.97,0.70
 79.07206,  6.21935,10.97,0.79
 78.30863, 10.79107,10.97,0.86
 79.84635, 11.36165,10.98,2.63
 81.41483, 10.99301,10.98,1.37
 81.74782, 10.03264,10.98,0.89
 77.11491, 10.08062,10.98,0.79
 80.21690, 10.26725,10.98,1.61
 81.61741,  7.38724,10.98,0.77
 80.21928, 11.23582,10.98,0.83
 76.82508,  8.95880,10.98,0.43
 77.30581,  9.53801,10.98,1.77
 81.46452,  7.61857,10.99,0.74
 79.81083, 11.20570,10.99,1.59
 78.39477,  5.91045,10.99,0.95
 80.36369,  6.44414,10.99,0.38
 76.54236,  7.50722,10.99,0.59
 78.34696,  5.85719,10.99,0.16
 80.02133,  6.02456,10.99,0.53
 79.71934,  9.74579,10.99,0.82
 76.60817,  8.69316,10.99,0.86
 77.90962,  6.40593,10.99,0.67
 80.42778, 11.67837,10.99,0.66
 76.64964,  9.84052,11.00,1.68
 82.56256, 10.67969,11.00,0.45
 76.94978,  8.73372,11.00,1.16
 78.26518,  8.43183,11.00,0.89
 82.10214, 10.17008,11.00,0.72
 77.40736,  7.78034,11.00,1.35
 81.92948,  7.91232,11.00,0.72
 78.52823,  9.83553,11.00,1.45
 76.59710,  9.23927,11.00,1.22
 79.20457,  5.01728,11.00,0.73
 76.88161,  9.70284,11.00,1.34
 76.28755,  9.16564,11.00,1.35
 79.77867,  9.88718,11.00,2.36
 76.87397,  7.22309,11.00,1.35
 81.77150,  6.91266,11.00,0.57
 79.52553,  5.33800,11.00,3.89
 77.81271,  7.31375,11.01,2.37
 79.40740, 10.10470,11.01,0.87
 76.36996,  7.03476,11.01,2.69
 82.66021,  7.30130,11.01,1.31
 80.55085,  9.61126,11.01,1.79
 77.90411,  9.13437,11.01,1.24
 77.96662,  6.77365,11.01,0.64
 81.12228,  8.57341,11.01,0.69
 78.57082, 11.28644,11.01,1.00
 82.83835,  9.62951,11.01,1.66
 78.96474,  5.70339,11.01,1.08
 76.31815,  7.25097,11.01,0.55
 78.34184,  7.56289,11.01,0.64
 77.55908,  7.10238,11.01,0.75
 82.58836,  9.24123,11.01,1.52
 77.57267,  9.33842,11.02,1.35
 80.10259,  8.88704,11.02,0.92
 77.80907,  8.51561,11.02,1.31
 78.93129,  5.61473,11.02,1.54
 79.24926,  9.13308,11.02,2.54
 80.39295, 11.15766,11.02,0.77
 80.38182,  8.69272,11.02,1.14
 79.37290, 10.10949,11.02,1.59
 82.24429,  7.33533,11.02,1.77
 82.19059,  9.74426,11.02,0.60
 80.40683,  6.73258,11.02,1.28
 83.07483,  8.09680,11.03,0.89
 80.55774, 11.69154,11.03,0.70
 77.59719, 10.22252,11.03,1.40
 80.92226,  5.45202,11.03,0.66
 79.85300,  8.39686,11.03,1.21
 76.58761,  9.96668,11.03,5.92
 80.11270,  7.81505,11.03,1.31
 79.04418,  5.74190,11.03,0.67
 80.17688,  8.82285,11.03,0.86
 81.23905, 10.09450,11.03,0.69
 79.30266, 10.04950,11.03,1.56
 81.48349, 11.02369,11.04,0.86
 77.99605,  9.82679,11.04,0.70
 79.32190,  5.95431,11.04,0.57
 77.69444,  9.62054,11.04,1.47
 77.63199, 11.36304,11.04,1.07
 80.89337, 11.35228,11.04,2.05
 77.81825,  7.45898,11.04,0.79
 76.46942, 10.10426,11.04,1.40
 77.55351,  7.72892,11.04,0.75
 79.67859,  6.41767,11.04,0.59
 80.83453, 11.65121,11.04,1.22
 80.64610,  6.41992,11.04,0.80
 79.37591,  8.48811,11.05,3.22
 79.36533, 10.37163,11.05,1.61
 77.03431,  8.73016,11.05,0.63
 79.84048, 10.16368,11.05,0.91
 79.47471,  7.62327,11.05,0.71
 79.52074,  4.97818,11.05,1.28
 79.96766, 11.28442,11.05,2.25
 82.11991,  7.69617,11.05,0.85
 77.32827, 11.00383,11.05,0.68
 81.64300, 10.73693,11.05,0.69
 78.73210,  6.04334,11.06,0.80
 77.06772,  7.84843,11.06,0.83
 79.94388,  6.68367,11.06,0.75
 77.25687,  9.38430,11.06,0.89
 79.61694, 11.32673,11.06,0.69
 79.69209,  4.77129,11.06,1.14
 76.91622,  6.38216,11.06,1.30
 79.87039, 11.97033,11.06,1.59
 81.93814,  8.37008,11.06,1.76
 80.35708,  6.34462,11.06,1.33
 78.34162, 11.14703,11.07,1.68
 79.35036,  6.76865,11.07,1.56
 77.06318,  9.72292,11.07,0.54
 78.23607,  6.41103,11.07,1.40
 79.58207,  7.98993,11.07,2.05
 82.91604,  8.02159,11.07,0.61
 82.35055,  9.54760,11.07,1.56
 82.04870, 10.39156,11.07,1.81
 82.50229, 10.09585,11.07,1.46
 78.51937,  5.57376,11.07,0.73
 79.31839,  6.52261,11.07,0.58
 78.87304,  7.46184,11.07,1.53
 81.07445, 11.34527,11.07,2.01
 80.93398,  6.65266,11.07,1.97
 79.30275,  9.06487,11.07,0.90
 83.09497,  7.59900,11.07,0.88
 79.39824,  6.11361,11.08,1.19
 79.02182, 10.05073,11.08,0.50
 79.62923,  5.69857,11.08,1.50
 80.16126,  6.91143,11.08,0.73
 76.70512,  8.86371,11.08,0.30
 81.31632,  7.86870,11.08,0.98
 79.06699,  8.36704,11.09,1.35
 82.51088,  9.17380,11.09,1.93
 82.75213,  9.26099,11.09,1.88
 80.92606,  9.83778,11.09,0.89
 81.12216,  8.57334,11.09,0.69
 80.63413, 10.81696,11.09,0.77
 82.04214,  6.88827,11.09,1.56
 82.40521,  9.69066,11.09,0.94
 77.08045, 10.40826,11.10,2.83
 78.44771,  7.05584,11.10,0.91
 79.15875,  9.03497,11.10,0.92
 81.77916,  5.92382,11.10,1.60
 80.23154,  6.25987,11.10,0.78
 78.24421, 10.39315,11.10,1.03
 77.21926,  9.71858,11.10,0.74
 77.49342, 10.86902,11.10,1.83
 80.90738,  5.32684,11.10,1.26
 77.37044,  7.48268,11.10,1.42
 77.88518, 10.01211,11.10,1.28
 79.41989,  8.87879,11.10,2.53
 77.74410,  7.62160,11.11,1.47
 80.32084, 10.15162,11.11,0.62
 76.68910,  9.78900,11.11,2.13
 81.56438, 10.57893,11.11,0.78
 81.25865, 10.08164,11.11,0.88
 79.35096,  8.69613,11.11,0.88
 79.67153,  6.54906,11.11,0.64
 80.00128,  6.21755,11.11,1.45
 77.64270,  8.46876,11.11,1.80
 77.78400,  9.46808,11.11,0.77
 82.72884, 10.60550,11.12,0.81
 76.09033,  8.15663,11.12,2.10
 76.41224,  7.59396,11.12,0.94
 82.20699,  8.56487,11.12,1.44
 79.31228,  5.52690,11.12,0.56
 82.98541,  7.89724,11.13,0.83
 78.53395,  5.96216,11.13,2.82
 79.19772,  6.40115,11.13,0.59
 76.57502, 10.51659,11.13,0.82
 80.77279,  7.79763,11.13,0.75
 82.16208,  9.25727,11.13,0.52
 76.49374,  9.01677,11.13,1.23
 80.81590,  7.79641,11.13,1.72
 81.49805,  8.45978,11.13,1.09
 79.35807,  7.00615,11.13,1.12
 81.19804,  7.83074,11.13,0.59
 80.86525,  9.10191,11.13,1.24
 81.26848,  7.72730,11.14,1.25
 82.04677, 10.41982,11.14,1.50
 83.07899,  7.90324,11.14,1.41
 80.86590,  5.74505,11.14,1.34
 80.16474,  6.70229,11.14,1.26
 80.94781,  6.83880,11.14,1.73
 82.71666,  9.61893,11.14,0.30
 78.25510,  6.29810,11.14,1.22
 82.07698,  8.72323,11.14,1.46
 76.72579,  8.89486,11.14,1.59
 82.13643,  8.55288,11.14,1.37
 77.10929, 10.95043,11.15,1.43
 78.26346,  6.57058,11.15,1.30
 80.82268, 11.23686,11.15,1.90
 80.43161,  5.43305,11.15,0.70
 77.45719,  9.54624,11.15,1.38
 76.09574,  8.43602,11.15,1.35
 81.83477,  7.39019,11.15,0.92
 82.49798,  9.50913,11.15,1.50
 79.32936,  7.65496,11.15,1.78
 80.99602,  6.78904,11.15,2.30
 78.93833,  5.75678,11.16,1.23
 77.87367, 10.12005,11.16,2.06
 80.15817, 10.51359,11.16,0.95
 79.82471, 10.13998,11.16,0.49
 78.52903,  5.33891,11.16,1.13
 78.89626,  5.27138,11.16,0.69
 81.42455,  6.55668,11.16,1.72
 80.61767,  9.70022,11.16,0.74
 77.59310,  9.09822,11.16,1.37
 80.27375,  4.96486,11.16,0.68
 78.58914, 11.27190,11.16,0.84
 81.87496, 11.02275,11.16,0.52
 78.53688,  8.83688,11.16,1.35
 82.08253,  8.33957,11.17,1.51
 78.43247,  6.05819,11.17,1.50
 82.34537,  6.82492,11.17,1.45
 82.63937,  8.21808,11.17,0.75
 81.71785,  9.14451,11.17,1.01
 76.71242,  7.08723,11.17,0.97
 79.39800, 11.81190,11.17,0.88
 82.03746,  6.85046,11.17,1.81
 77.35092,  8.39505,11.17,0.73
 77.52287,  6.05891,11.17,1.35
 80.63812,  5.26802,11.17,0.93
 78.89099,  5.21146,11.17,0.56
 80.52466,  5.48573,11.17,0.89
 83.03000,  6.91825,11.17,1.42
 79.04116,  6.60271,11.17,0.74
 80.65686,  9.67955,11.17,2.08
 82.59710, 10.08777,11.17,1.51
 81.99977,  9.64057,11.17,2.71
 77.39099,  6.12073,11.18,1.25
 80.18591,  4.83460,11.18,0.76
 79.58737,  8.82820,11.18,1.09
 79.58309,  8.48698,11.18,1.19
 78.63240,  8.02339,11.18,0.68
 81.87949,  6.21083,11.18,0.90
 82.31160,  6.96047,11.18,1.78
 81.03103, 11.52242,11.18,0.92
 78.89090,  5.21143,11.18,0.56
 82.59053,  9.77588,11.18,1.43
 80.06673,  6.51866,11.18,0.84
 77.38288,  8.93925,11.18,0.81
 81.43215,  5.96557,11.18,0.78
 76.24395,  8.62144,11.18,1.27
 77.67358, 10.22348,11.19,1.69
 81.38012, 11.33914,11.19,1.76
 78.78797,  5.35979,11.19,0.34
 80.57636, 10.80790,11.19,0.75
 77.96152,  6.88833,11.19,0.81
 80.00588, 10.12361,11.19,0.96
 82.30201,  9.43725,11.19,1.49
 78.01034,  9.98600,11.19,1.56
 78.12076,  6.26986,11.19,1.20
 81.92131,  6.10984,11.19,1.17
 77.23604,  6.70648,11.19,1.32
 81.93124,  7.83193,11.19,0.76
 76.46661,  9.48317,11.19,0.44
 81.29798,  7.01774,11.19,0.84
 77.52984,  7.61969,11.19,1.32
 79.98408,  5.49966,11.19,1.28
 79.85255,  7.20054,11.19,0.71
 81.72484, 10.25367,11.19,0.48
 80.36361,  7.15745,11.19,1.58
 77.52258, 10.07674,11.19,1.28
 77.75596, 10.34306,11.20,0.90
 80.92374,  6.14993,11.20,1.30
 83.12152,  7.34562,11.20,0.43
 79.21915,  7.83109,11.20,1.75
 76.18278,  8.22900,11.20,0.68
 82.60683,  7.18083,11.20,0.34
 79.93998,  6.26221,11.20,0.70
 76.45357,  7.45967,11.20,0.77
 77.20804,  8.73364,11.20,1.35
 79.46270,  9.53736,11.21,1.59
 78.22895,  8.75210,11.21,1.30
 81.25581,  9.11992,11.21,1.60
 81.16578,  8.75415,11.21,1.46
 82.57079,  7.34575,11.21,1.43
 81.11398, 10.39790,11.21,2.50
 82.28625,  6.33398,11.21,0.61
 81.03471,  9.71482,11.21,0.70
 77.06417,  7.41303,11.21,0.76
 82.75043,  7.62704,11.21,1.50
 77.44400,  6.53178,11.22,1.07
 76.64016,  9.01421,11.22,0.76
 79.74041,  9.27554,11.22,1.43
 78.78318, 12.00282,11.22,1.96
 78.22579,  7.25537,11.22,0.58
 79.02676, 10.90673,11.22,0.91
 77.60204, 10.41797,11.22,1.52
 80.89061, 10.07465,11.22,1.16
 79.15601,  5.69723,11.22,1.73
 79.36561,  9.96437,11.23,0.50
 79.44074,  6.60738,11.23,1.37
 80.63017,  6.34094,11.23,2.01
 81.88143,  8.81745,11.23,0.86
 79.44938,  9.56615,11.23,1.68
 80.72736,  6.13874,11.23,0.39
 78.34583,  7.46798,11.23,0.00
 77.66752, 10.05540,11.23,1.40
 78.10196,  7.85536,11.23,0.66
 81.09820,  6.18105,11.23,1.34
 82.56912,  9.66411,11.23,1.33
 77.59075,  7.93468,11.23,1.45
 80.20062, 11.03342,11.23,1.80
 80.07491, 10.18443,11.23,2.10
 79.94614,  4.90390,11.24,1.41
 78.10396,  7.83485,11.24,0.69
 82.93543,  7.25282,11.24,1.44
 79.33518,  6.67940,11.24,1.42
 82.78228,  8.97203,11.24,1.29
 81.00594,  8.19181,11.24,1.81
 82.77064,  8.05795,11.24,1.36
 79.56312, 11.56848,11.24,0.77
 81.96028, 10.68837,11.24,0.69
 75.86981,  9.32578,11.24,1.20
 78.71069,  8.53380,11.24,1.48
 82.37494,  6.41437,11.24,0.63
 78.61061,  5.53002,11.24,1.39
 78.65566,  8.77098,11.24,0.26
 81.79600,  6.72938,11.24,0.74
 80.78258,  9.15860,11.24,2.06
 81.50840, 10.16970,11.24,1.81
 77.82374, 11.18541,11.25,2.17
 79.17339,  6.22027,11.25,0.88
 81.20776,  9.73384,11.25,0.66
 79.33767,  9.59981,11.25,0.86
 79.21608,  8.04891,11.25,0.70
 81.50943,  7.88167,11.25,0.29
 80.79859,  8.23446,11.25,1.75
 79.54424,  5.99442,11.25,1.34
 78.60911,  8.40217,11.25,0.56
 77.57410,  7.10529,11.25,0.85
 80.76749,  9.75056,11.26,1.48
 80.08192, 11.70867,11.26,2.51
 79.06172,  7.37193,11.26,1.09
 78.71136,  7.51884,11.26,1.15
 76.85907,  9.56910,11.26,1.34
 81.74044,  8.06553,11.26,0.91
 81.01177, 10.91911,11.26,4.28
 76.67101,  9.42025,11.26,1.48
 80.99479,  7.87079,11.26,1.78
 78.74479,  5.19421,11.26,1.32
 80.64357, 11.17131,11.26,0.65
 76.51385, 10.31459,11.27,0.66
 82.23165,  9.88950,11.27,0.79
 76.47474, 10.49776,11.27,0.60
 77.71781,  6.93411,11.27,0.81
 78.68853,  6.58342,11.27,1.18
 78.71678, 10.18527,11.27,3.59
 76.38770,  9.33603,11.27,0.36
 78.82083, 11.91254,11.27,0.75
 80.86264,  8.16202,11.27,1.82
 80.57272,  7.14456,11.27,0.89
 76.83712,  7.14861,11.27,1.36
 76.63501,  6.41035,11.27,0.77
 78.81827, 10.26512,11.27,0.80
 80.13264,  6.26974,11.27,1.48
 77.32187, 11.07219,11.27,0.74
 80.47253,  9.75599,11.27,1.49
 76.38385,  8.53647,11.27,0.66
 78.09847,  7.09768,11.27,0.66
 80.03881,  6.82244,11.28,0.69
 79.41562,  9.28390,11.28,1.72
 82.02361, 11.07822,11.28,1.01
 76.47859,  9.87976,11.28,1.34
 80.90158,  7.10821,11.28,0.87
 80.50396,  9.49198,11.28,0.90
 80.86490,  6.49623,11.28,0.63
 78.12566,  6.85295,11.28,0.19
 80.80083,  6.47993,11.28,1.33
 76.55095,  6.11749,11.28,1.25
 80.16968,  5.16949,11.29,0.70
 80.82241,  5.27188,11.29,0.40
 79.37155,  7.01077,11.29,1.64
 82.67891,  9.29726,11.29,1.40
 78.74099,  8.45064,11.29,0.61
 81.69685, 10.71643,11.29,0.82
 79.94639,  8.22429,11.29,1.78
 79.25788,  8.04658,11.29,1.06
 78.79601, 12.08862,11.29,3.50
 77.36472,  9.38892,11.29,1.24
 78.82916, 11.33288,11.29,0.94
 77.52928,  9.24313,11.29,0.85
 78.49476, 10.74737,11.29,0.59
 77.52742,  7.10728,11.29,2.73
 79.21013, 10.22383,11.29,1.46
 77.05478, 10.95227,11.29,0.81
 81.12892, 10.93635,11.29,1.06
 82.66151, 10.57684,11.29,0.86
 79.90535,  6.58552,11.29,0.73
 81.17993,  5.82179,11.29,0.89
 76.48054,  7.59612,11.30,0.76
 81.73217,  8.73287,11.30,0.69
 82.53973,  8.40706,11.30,0.78
 79.62406, 10.96076,11.30,0.89
 81.06276, 10.06365,11.30,2.01
 76.76273,  6.38364,11.30,0.71
 80.52366,  7.04610,11.30,0.97
 81.71970,  8.74917,11.30,0.99
 79.94195,  7.34067,11.30,0.83
 76.55111, 10.41596,11.31,0.65
 78.95057,  7.02633,11.31,0.71
 78.95786, 10.72276,11.31,0.89
 80.77527,  6.00441,11.31,1.25
 80.66816,  7.67053,11.31,0.90
 78.35364, 11.55515,11.31,0.99
 76.55588,  9.37195,11.31,0.66
 78.69028,  7.99984,11.32,1.54
 80.28342,  6.73855,11.32,0.65
 80.66472,  9.35922,11.32,1.64
 77.40916,  6.03529,11.32,0.73
 76.41865,  9.32313,11.32,0.45
 80.58071, 11.08004,11.32,2.86
 80.86149,  8.51945,11.32,0.69
 81.96163,  7.87709,11.33,1.67
 81.47713,  8.34524,11.33,1.47
 81.22907,  8.34959,11.33,1.38
 76.12738,  9.57908,11.33,1.44
 82.70920,  8.63728,11.33,0.76
 81.25941, 10.37935,11.33,1.74
 82.32113,  8.82607,11.33,0.89
 78.70284,  5.76341,11.33,0.62
 81.70378, 10.60852,11.33,0.62
 78.08680, 10.43831,11.33,0.92
 80.31818,  9.95166,11.33,1.73
 81.00007,  8.69688,11.33,1.05
 76.41950,  8.89323,11.33,1.17
 78.26955, 10.98998,11.33,0.57
 77.21052,  7.14445,11.33,0.75
 81.67169,  7.45757,11.33,1.74
 79.73155,  9.89079,11.33,1.65
 76.31872,  8.85016,11.33,1.23
 77.42699,  6.73515,11.34,0.25
 77.80666,  5.90104,11.34,0.77
 83.13948,  6.87589,11.34,1.43
 80.35482,  8.14071,11.34,0.93
 80.98146,  5.66816,11.34,1.24
 82.18616,  9.96412,11.34,0.91
 79.14261, 12.38884,11.34,0.82
 81.60652,  9.17613,11.34,1.00
 78.35492,  9.68584,11.34,1.33
 77.20639, 10.76672,11.34,0.86
 80.99093,  7.82533,11.34,0.81
 82.39970,  6.98943,11.34,1.04
 77.91966, 10.47337,11.35,1.35
 82.40893,  6.81777,11.35,1.55
 77.57960,  8.81994,11.35,0.90
 80.21203,  5.11273,11.35,0.74
 78.59034,  5.64292,11.35,0.63
 81.69327, 10.18763,11.35,1.53
 77.15731,  7.66736,11.35,0.63
 79.11032, 10.47968,11.35,0.77
 82.61982, 10.12390,11.35,1.47
 77.99040, 11.39431,11.35,0.93
 75.98152,  8.43752,11.35,1.15
 82.77681, 10.04544,11.35,1.08
 82.47858,  9.76717,11.35,1.39
 78.56821,  7.32925,11.35,1.24
 79.63114,  5.47782,11.35,1.03
 81.84734,  9.32206,11.36,1.15
 77.27748, 10.62662,11.36,0.76
 78.66676, 11.54560,11.36,0.86
 80.64356, 11.17142,11.36,0.65
 80.15382, 10.43761,11.36,2.42
 76.82898,  8.11349,11.36,1.42
 82.25453,  7.56677,11.36,1.52
 77.65099,  7.16212,11.36,0.59
 77.34645,  6.16059,11.36,0.78
 76.08842,  9.02349,11.36,1.22
 77.28572,  7.53857,11.36,1.32
 77.57550,  9.50051,11.36,2.23
 77.73364,  7.50200,11.36,1.47
 77.27153,  9.50967,11.36,0.45
 77.46377, 10.18729,11.36,1.08
 79.64402, 10.25987,11.36,0.81
 79.04623,  9.35157,11.37,1.14
 80.48833,  9.60211,11.37,1.06
 79.18235, 11.46196,11.37,1.96
 80.65923,  5.81685,11.37,0.56
 78.90086,  9.67941,11.37,0.82
 78.05125,  5.68704,11.37,0.70
 75.95119,  9.30113,11.37,0.82
 80.53900,  6.57703,11.37,0.42
 76.06852,  9.20469,11.37,0.95
 78.87844,  9.61435,11.37,1.50
 81.86819,  9.89757,11.37,1.00
 76.62033, 10.30685,11.37,1.99
 80.16254,  6.92393,11.37,1.55
 80.63051,  5.93154,11.37,0.58
 81.01465,  6.45200,11.37,1.86
 79.16962, 11.68121,11.37,1.11
 80.67195,  9.61836,11.37,2.90
 78.05390,  7.08330,11.38,0.78
 82.48125,  7.14094,11.38,1.50
 80.96960,  7.91314,11.38,0.75
 81.57797,  6.52368,11.38,1.16
 78.46882, 10.79174,11.38,0.68
 79.39513, 11.69971,11.38,2.47
 77.46185, 10.73959,11.38,0.96
 79.14561,  5.16930,11.38,0.60
 81.97682, 10.13223,11.38,0.86
 76.57468,  7.17299,11.38,0.72
 77.31163,  8.34971,11.38,0.80
 78.50780,  5.38229,11.38,1.99
 79.47004,  7.60979,11.39,2.42
 81.42865,  7.16371,11.39,0.74
 82.25841,  9.17896,11.39,0.97
 80.32801, 11.30220,11.39,0.76
 79.05374, 11.72206,11.39,1.01
 77.29175,  7.33397,11.39,1.14
 78.35177,  6.03886,11.39,0.74
 83.02655,  6.88440,11.39,1.72
 79.62810,  5.82124,11.39,0.84
 82.00225,  9.33595,11.39,0.77
 76.82450,  6.23213,11.39,1.41
 80.72548,  7.81241,11.39,1.66
 81.34169,  8.41732,11.40,1.85
 77.10833,  8.19576,11.40,1.25
 76.94531,  7.69200,11.40,0.93
 81.46216,  7.59908,11.40,1.44
 81.88759, 10.69513,11.40,0.86
 80.75460, 10.60037,11.40,3.47
 82.54231,  9.78866,11.40,2.27
 79.04030,  6.41111,11.40,1.15
 77.48836, 11.05477,11.40,2.84
 81.94693,  9.69633,11.40,3.28
 79.37117, 11.74658,11.40,0.79
 78.74907,  5.69319,11.40,0.68
 79.29843,  6.74742,11.40,0.90
 79.27155,  7.89730,11.40,0.84
 77.83022, 10.62775,11.40,0.81
 80.77369,  5.17797,11.41,0.78
 79.97171,  9.48322,11.41,0.67
 81.16743,  9.45195,11.41,1.63
 81.00773,  9.97097,11.41,0.90
 76.36807,  7.09069,11.41,1.02
 81.07301,  5.68739,11.41,0.82
 78.00231,  5.98271,11.41,0.51
 76.78730,  6.86343,11.41,1.25
 79.57173,  9.33102,11.41,0.79
 77.25957,  9.86140,11.41,0.95
 81.31725,  9.12007,11.41,0.70
 81.98590,  8.61148,11.41,1.48
 79.37329, 11.04072,11.41,0.93
 81.80275, 10.78482,11.41,1.06
 82.67265,  8.84147,11.41,0.75
 81.71032,  7.69366,11.41,1.57
 79.42361,  7.12800,11.41,2.19
 81.23458,  5.51468,11.42,0.82
 79.15354,  9.23801,11.42,1.45
 78.81950, 10.78590,11.42,1.70
 78.95927, 10.34047,11.42,2.59
 78.56639,  9.06206,11.42,1.43
 81.16346, 11.10024,11.42,1.63
 81.18689,  6.21016,11.42,0.34
 82.59378,  6.57826,11.42,0.67
 79.55622, 10.63321,11.42,1.41
 80.96010,  8.77830,11.42,1.46
 78.30042,  9.95082,11.42,0.55
 81.49168, 10.81701,11.42,0.71
 77.30017,  7.47334,11.42,1.45
 80.94906, 11.42508,11.42,0.78
 82.75381,  9.54484,11.42,0.24
 76.21181,  9.78145,11.43,0.80
 78.69846, 10.28717,11.43,1.73
 76.13294,  8.63540,11.43,0.74
 79.73429,  4.85458,11.43,1.53
 77.59036, 10.12848,11.43,1.35
 81.49818, 10.25310,11.43,1.19
 83.02509,  8.40878,11.43,0.32
 81.24090, 11.44260,11.43,0.84
 77.17266, 10.78701,11.43,0.72
 78.10226,  9.41967,11.43,1.14
 76.47727,  7.08988,11.43,0.80
 78.30053,  6.54591,11.43,0.83
 79.65101, 10.16363,11.44,0.83
 79.25294,  9.06513,11.44,1.94
 80.45934,  5.31797,11.44,1.33
 79.23057,  7.82918,11.44,0.73
 79.37894,  6.46664,11.44,0.94
 82.64555,  9.01526,11.44,1.49
 79.54348,  6.81781,11.44,1.35
 76.31827,  9.71260,11.44,1.59
 78.15240,  6.20840,11.44,0.56
 77.99816,  7.43278,11.44,1.33
 77.77744,  8.39191,11.45,1.45
 77.33498, 10.96218,11.45,1.81
 78.59019,  8.20975,11.45,1.63
 77.95200, 10.12643,11.45,1.56
 82.78620,  8.39803,11.45,0.88
 81.53906, 11.33512,11.45,1.22
 82.96437,  8.67497,11.45,1.40
 81.70534,  9.67361,11.45,0.53
 80.99669,  6.92305,11.45,2.08
 80.33844,  7.74283,11.45,0.75
 76.99954,  8.69095,11.45,0.76
 82.46259,  8.56611,11.45,1.36
 76.79905,  6.63925,11.45,0.73
 76.26506,  7.84662,11.45,1.16
 79.77670,  7.56940,11.45,0.82
 78.88575,  6.80985,11.45,0.79
 81.21620,  7.29279,11.45,0.97
 81.45855,  6.06187,11.45,1.43
 79.84347,  6.19052,11.45,1.64
 79.74712, 10.87838,11.45,0.95
 78.69290,  8.51878,11.45,0.48
 77.98346,  9.51303,11.45,1.24
 80.18262,  6.87011,11.45,1.26
 80.90160,  6.83201,11.45,0.85
 78.43375,  7.93441,11.46,1.29
 78.01329, 10.33512,11.46,1.25
 78.13492, 10.47779,11.46,3.83
 82.09374,  9.19659,11.46,1.83
 79.57801, 11.92460,11.46,0.69
 82.43526,  7.90475,11.46,0.65
 78.30294,  9.47511,11.46,1.38
 79.85947, 10.33504,11.46,1.08
 77.77317,  9.18575,11.46,1.22
 80.11842,  7.13635,11.46,1.69
 77.54824,  8.39867,11.46,1.89
 81.24059,  9.65857,11.46,2.34
 78.53943,  5.50036,11.46,0.94
 78.20372,  9.52954,11.46,0.80
 76.95198, 10.65531,11.46,0.72
 77.96287, 10.01727,11.46,1.37
 78.44007,  7.84873,11.47,1.30
 76.16168,  8.28969,11.47,0.72
 76.71462,  6.59464,11.47,1.87
 76.94922,  8.77431,11.47,1.97
 80.01890,  8.91236,11.47,0.77
 80.85737, 11.20990,11.47,1.85
 77.24813,  7.22818,11.47,0.73
 77.45797, 10.67446,11.47,1.70
 79.81662,  6.24573,11.47,1.01
 78.34597,  6.68015,11.47,1.51
 79.58889, 11.09761,11.47,0.95
 76.27990,  7.20023,11.47,0.90
 79.84149,  9.35548,11.47,0.97
 78.13304,  8.10035,11.47,1.09
 77.28530,  7.33106,11.48,0.75
 79.75230,  5.50796,11.48,0.61
 81.40722,  7.68938,11.48,0.81
 77.13451,  7.97337,11.48,1.43
 81.95690,  7.03695,11.48,1.40
 78.69240, 10.59581,11.48,1.60
 79.34051,  6.46249,11.48,0.48
 82.72888, 10.31321,11.48,1.49
 77.86261,  6.46276,11.48,1.41
 78.31542, 10.48786,11.48,1.71
 79.48425, 12.10379,11.48,1.69
 82.25151,  9.85792,11.48,1.58
 77.86747,  9.21659,11.48,0.52
 77.48198,  8.26896,11.48,0.64
 80.67885, 10.47236,11.48,0.82
 79.01273,  7.09196,11.49,1.19
 81.42587,  6.74901,11.49,1.71
 81.92700,  6.98196,11.49,0.90
 76.35474,  6.60233,11.49,1.62
 79.32604, 10.74160,11.49,1.45
 82.43975,  8.26281,11.49,0.97
 80.43558, 11.25864,11.49,5.67
 79.46954,  6.14741,11.49,1.40
 77.21374,  9.21596,11.49,0.38
 76.07315,  8.48934,11.49,0.68
 77.50446,  8.81303,11.49,1.40
 78.77508,  6.33702,11.49,0.23
 81.15752, 10.67437,11.49,1.85
 81.40937, 10.16210,11.49,0.89
 79.03205, 11.37319,11.49,1.59
 76.22716,  6.79311,11.49,0.79
 79.83521,  5.99326,11.49,0.72
 79.33239,  7.66167,11.49,0.85
 81.10663,  7.65491,11.49,0.81
 81.53756,  7.22267,11.49,1.71
 78.94304,  6.57219,11.50,0.67
 81.17881, 10.76360,11.50,0.96
 82.29613,  6.35600,11.50,1.64
 81.70910,  7.54570,11.50,1.48
 77.56016,  6.83210,11.50,0.76
 81.16503,  6.18082,11.50,0.82
 80.43582,  8.15767,11.50,1.06
 78.68553,  9.45149,11.50,0.73
 81.38988,  9.90628,11.50,0.74
 82.05483, 10.34123,11.50,0.79
 80.66473,  5.77619,11.50,0.68
 79.51818,  8.13626,11.50,2.02
 77.20288,  9.20100,11.50,1.80
 77.50365,  9.37765,11.50,1.35
 80.99873,  9.77814,11.50,1.01
 81.09574,  9.49757,11.50,1.68
 78.12108,  7.69908,11.51,0.76
 80.11876,  9.73838,11.51,1.57
 78.35197, 11.58420,11.51,2.35
 79.40224, 12.18845,11.51,2.77
 76.63696,  9.32631,11.51,0.82
 82.40181,  7.85421,11.51,0.97
 77.96444, 11.50016,11.51,1.30
 82.31386, 10.88560,11.51,0.61
 81.54295, 10.51413,11.51,1.01
 77.86291,  7.66900,11.51,0.77
 79.10338, 12.12318,11.51,1.70
 77.27319,  7.84731,11.51,1.40
 79.02601, 10.79841,11.51,1.83
 82.88650,  9.66291,11.51,0.80
 77.06196,  7.69039,11.51,1.40
 81.14584,  7.37508,11.51,1.03
 78.85529,  9.86122,11.51,0.68
 77.07415,  6.77322,11.52,0.98
 77.19479,  7.90855,11.52,1.25
 78.32051,  8.83168,11.52,1.02
 77.70285, 11.26545,11.52,1.82
 81.97932,  9.67440,11.52,1.41
 78.97507, 12.09535,11.52,1.97
 82.27816, 10.32810,11.52,1.49
 81.11705,  5.85600,11.52,0.77
 81.61007, 10.45949,11.52,0.92
 77.14258,  9.78484,11.52,0.80
 77.50180,  7.73303,11.52,1.76
 79.05550,  7.13883,11.52,0.74
 79.88045,  6.40826,11.52,1.43
 82.66077, 10.69592,11.52,0.83
 82.01120,  8.76072,11.52,2.84
 76.23889,  8.90999,11.52,0.79
 80.43401, 11.47769,11.52,0.82
 79.88634,  5.01000,11.53,1.06
 80.54688,  6.73350,11.53,1.68
 79.56671,  8.06319,11.53,0.77
 80.22469,  7.32469,11.53,0.82
 82.99053,  8.64801,11.53,0.78
 77.10425,  7.23508,11.53,1.51
 77.22500,  8.16049,11.53,0.68
 82.29427,  7.66019,11.53,2.52
 77.01993,  8.27313,11.53,1.26
 82.74669, 10.84143,11.53,0.82
 78.35205,  6.45897,11.53,0.74
 80.31838,  5.69758,11.53,1.01
 76.94070,  9.07159,11.53,1.38
 80.83179,  6.52085,11.53,0.66
 79.76816,  6.60083,11.53,0.88
 76.76567,  8.96873,11.53,1.53
 81.91654,  9.95334,11.53,1.49
 77.40068,  7.00525,11.53,1.67
 82.76391, 10.71817,11.53,1.78
 80.15637,  6.83945,11.53,1.23
 80.55288,  9.41312,11.53,1.92
 81.39072, 10.74654,11.54,0.87
 82.63739,  9.04760,11.54,0.82
 76.84491, 10.29385,11.54,1.29
 81.30162,  9.15084,11.54,1.34
 81.05302,  5.88311,11.54,1.31
 79.95194,  5.39539,11.54,0.63
 81.92418,  8.21165,11.54,1.52
 78.82024,  7.11045,11.54,1.68
 77.17245,  8.83557,11.54,1.22
 82.72136, 10.02437,11.54,0.78
 78.85826,  5.49797,11.54,0.55
 79.46945, 10.33989,11.54,0.68
 82.27595, 10.67076,11.55,0.79
 76.92627,  7.61986,11.55,1.29
 82.38905,  7.76122,11.55,1.39
 78.01958, 10.84919,11.55,2.08
 82.13443,  9.37695,11.55,1.57
 80.87389,  5.87973,11.55,0.89
 80.21208,  5.11247,11.55,0.77
 82.85576,  7.23489,11.55,0.71
 78.53375,  9.28653,11.55,0.77
 80.35177,  7.61926,11.55,2.63
 79.27149, 10.08733,11.55,2.28
 76.53815, 10.28863,11.55,1.31
 78.61958,  6.88576,11.55,1.34
 81.02722, 11.58952,11.56,1.03
 80.13048,  4.73360,11.56,0.79
 81.50233,  8.95234,11.56,1.43
 78.00120, 11.20548,11.56,1.01
 77.60994,  9.77968,11.56,1.23
 77.71696,  7.45481,11.56,1.02
 76.32524,  8.52881,11.56,1.15
 77.22337,  9.20007,11.56,0.94
 78.45743,  6.11005,11.56,1.28
 79.71043, 10.98881,11.56,1.77
 79.59891, 10.56301,11.56,0.51
 77.11308,  8.16152,11.56,1.40
 81.31761,  8.81467,11.56,0.67
 81.19544,  5.69853,11.56,1.30
 81.79909,  7.05797,11.56,1.43
 82.73291,  8.04201,11.57,0.94
 78.97366,  7.08196,11.57,1.28
 76.30582,  7.30274,11.57,0.68
 82.26283,  7.87670,11.57,0.73
 77.00862, 10.25050,11.57,0.83
 80.72501, 11.42975,11.57,0.94
 80.42158,  7.25873,11.57,1.07
 80.46892,  9.57403,11.57,1.65
 76.36488,  8.55656,11.57,0.89
 81.39016,  9.67553,11.57,1.53
 76.65429, 10.14367,11.57,1.90
 80.58890, 10.97040,11.57,1.93
 81.40799, 10.84687,11.57,1.48
 79.87665,  5.71493,11.57,1.47
 79.54279,  8.82727,11.57,1.06
 82.31127,  9.48149,11.58,0.88
 77.97319,  8.18733,11.58,1.66
 82.61175, 10.05486,11.58,0.57
 80.68817, 11.58896,11.58,1.56
 81.44195, 10.40595,11.58,0.92
 79.77378,  5.53068,11.58,1.81
 82.49143,  7.52932,11.58,0.87
 78.76857,  9.49269,11.58,0.77
 79.48229,  6.93231,11.58,0.76
 81.51576,  9.97223,11.58,0.84
 82.02655, 11.24615,11.58,0.76
 80.29106, 11.76109,11.58,0.85
 78.31900,  9.52365,11.58,1.25
 80.02196, 10.73208,11.58,0.66
 80.71550,  8.83481,11.58,0.92
 76.03756,  8.19374,11.58,1.48
 82.20107,  9.52183,11.59,1.41
 82.73626,  8.83572,11.59,0.75
 79.50490,  4.88317,11.59,1.49
 80.89344,  5.54584,11.59,0.85
 79.92710, 10.68729,11.59,2.68
 80.12337, 10.79199,11.59,0.95
 78.52902,  5.48852,11.59,0.68
 78.57114,  8.70334,11.59,1.31
 80.28886,  5.72929,11.59,1.70
 82.75505,  7.01928,11.59,0.78
 79.26842,  6.41225,11.59,0.85
 79.21294,  8.72170,11.59,1.19
 80.88122, 10.86840,11.59,0.88
 77.31420,  6.43406,11.59,0.77
 79.47127,  5.26686,11.60,0.81
 82.34545, 11.07460,11.60,0.83
 80.83446,  9.20859,11.60,1.57
 83.05538,  8.15779,11.60,0.65
 82.59043,  9.98518,11.60,1.40
 78.32751,  6.71916,11.60,1.27
 76.87623,  7.03603,11.60,0.95
 78.62187,  8.49711,11.60,1.62
 79.63788,  6.89476,11.60,0.69
 79.01118,  9.72661,11.60,1.90
 79.20765,  5.75345,11.60,0.77
 80.38190,  6.93677,11.60,1.32
 76.84352,  7.57240,11.60,1.31
 81.97756,  6.20095,11.61,2.57
 79.82879,  6.51020,11.61,0.63
 81.70717,  6.70763,11.61,1.62
 77.92315,  9.05526,11.61,0.80
 77.98247,  9.60520,11.61,0.87
 81.32148,  9.53225,11.61,1.46
 79.74502,  4.87065,11.61,0.84
 76.24422,  6.79930,11.61,0.77
 79.10476,  9.17720,11.61,1.54
 80.82799,  7.33896,11.61,1.97
 81.31488,  9.76358,11.61,0.62
 81.70112,  8.57511,11.61,1.65
 80.63561,  9.91261,11.61,1.73
 82.51839, 10.84386,11.61,0.77
 79.92606,  9.41429,11.61,0.90
 76.61578,  9.89737,11.61,0.95
 78.94606,  8.16481,11.61,0.82
 77.57749,  7.68437,11.61,1.56
 76.30154,  9.37176,11.62,1.75
 81.66944, 10.74188,11.62,0.72
 81.06894,  7.09891,11.62,1.77
 77.52729,  6.52754,11.62,1.40
 81.59337,  8.68681,11.62,0.92
 79.08369, 12.28164,11.62,0.97
 76.02070,  9.06755,11.62,0.82
 78.76794,  5.90172,11.62,0.49
 81.11613, 10.24532,11.62,1.68
 78.89769,  6.05859,11.62,1.22
 81.68031,  9.38601,11.62,1.35
 79.19960,  7.46713,11.62,0.77
 77.37896, 10.86168,11.62,0.96
 78.79627,  6.21698,11.62,0.21
 76.88189,  9.94098,11.62,0.85
 82.75519,  7.30855,11.62,0.76
 80.30932, 10.95254,11.62,1.67
 80.20169,  6.00805,11.62,1.93
 81.41804,  5.96057,11.62,0.57
 81.39548,  5.75232,11.63,0.79
 81.92767,  7.91800,11.63,0.68
 80.65713,  5.08923,11.63,2.00
 78.04662,  6.32077,11.63,0.68
 80.63825, 10.98996,11.63,1.84
 78.80777,  8.14358,11.63,1.32
 78.47159,  5.54872,11.63,0.73
 80.31404, 10.41984,11.63,0.64
 78.16125,  8.32702,11.63,1.96
 82.04415, 10.62614,11.63,0.90
 79.75828,  5.54610,11.63,0.67
 80.27941,  5.06633,11.63,1.35
 79.62663,  4.97715,11.63,1.47
 78.09177,  7.60034,11.63,0.76
 78.70001, 10.87556,11.63,1.43
 79.69042,  9.25579,11.63,0.96
 81.57269, 10.25846,11.63,1.04
 81.51697,  8.43334,11.63,0.72
 80.26210,  5.97194,11.63,0.73
 79.37471,  9.47767,11.64,1.78
 79.30618,  5.68010,11.64,0.67
 81.66380, 11.10076,11.64,0.66
 80.07399,  9.95096,11.64,1.07
 76.40335,  8.91697,11.64,1.31
 77.21801,  6.92149,11.64,1.12
 80.41622, 11.95881,11.64,0.91
 83.15174,  6.90789,11.64,0.98
 77.95192,  7.27398,11.64,1.54
 78.56763,  9.78494,11.64,1.49
 81.09858, 10.54401,11.64,2.13
 78.87362,  6.36714,11.64,0.22
 79.98990,  9.38266,11.64,0.88
 81.22268,  9.20573,11.64,1.72
 81.36716,  8.17512,11.64,1.65
 80.03494,  6.90083,11.64,1.32
 75.91812,  9.60917,11.64,1.34
 82.24883,  8.34273,11.64,0.93
 77.15165,  8.96887,11.64,0.78
 81.18085,  9.80854,11.64,0.85
 79.94375,  7.19284,11.64,0.71
 82.08036,  6.36566,11.64,1.10
 78.76916, 11.47078,11.64,1.01
 77.87985,  8.66471,11.65,0.78
 77.19676,  9.02049,11.65,1.20
 82.28545,  8.60175,11.65,0.96
 78.86047,  5.14291,11.65,0.90
 82.35654,  7.93418,11.65,1.52
 76.27423,  9.39871,11.65,0.86
 80.01889, 11.59066,11.65,1.95
 76.78016,  7.12002,11.65,0.61
 77.89183,  6.91759,11.65,1.23
 78.29103, 11.01445,11.65,2.76
 76.58515,  8.28717,11.65,1.76
 77.95108,  7.31614,11.65,1.19
 77.29164,  6.17500,11.65,0.64
 80.71613,  7.39117,11.66,0.79
 80.11240, 11.73078,11.66,0.97
 80.09281,  4.82857,11.66,1.28
 81.06075,  8.76637,11.66,1.71
 79.29903, 11.07718,11.66,1.02
 78.54834,  6.74714,11.66,0.87
 80.19634,  9.96524,11.66,1.56
 78.93804,  7.50256,11.66,1.35
 81.27812,  9.13476,11.66,0.76
 77.67730,  5.60282,11.66,0.75
 80.23045,  8.07007,11.66,0.84
 80.06915,  6.91235,11.66,0.41
 76.17135,  9.46688,11.66,1.25
 82.23374,  9.39640,11.66,1.54
 81.60138,  9.32405,11.66,1.66
 76.32789,  9.14807,11.66,0.43
 79.48881, 11.32692,11.66,1.61
 81.07077,  8.98370,11.66,0.73
 81.56933,  9.04558,11.66,0.62
 81.19293,  5.88138,11.66,1.52
 80.12096,  7.78684,11.66,0.94
 79.50056, 10.54738,11.66,0.97
 80.70825,  8.70752,11.66,0.75
 79.22068,  5.80602,11.66,0.70
 78.66096,  8.94629,11.67,0.92
 77.29507,  9.94746,11.67,1.13
 78.59885, 10.26618,11.67,2.48
 81.71887, 10.05181,11.67,1.54
 82.19917,  7.74628,11.67,1.52
 78.97062, 11.59600,11.67,0.67
 79.10727, 11.17681,11.67,2.77
 77.74623,  6.90095,11.67,1.38
 79.95765, 11.36555,11.67,0.86
 76.81091,  7.83025,11.67,0.83
 82.59139, 10.39288,11.67,0.86
 77.07453,  6.94932,11.67,0.73
 77.42591, 10.51801,11.67,1.42
 82.78398,  9.28082,11.67,0.31
 81.28764,  9.19085,11.67,1.30
 78.71618, 10.00884,11.67,0.80
 77.97735,  6.71456,11.68,1.29
 81.99412,  7.47577,11.68,1.67
 77.48874,  8.40581,11.68,1.02
 82.42105,  8.68578,11.68,0.78
 80.54622,  7.16434,11.68,1.70
 79.40595,  8.59137,11.68,1.69
 78.74630,  6.16756,11.68,1.68
 82.62618,  9.08533,11.68,0.70
 80.18690,  5.11120,11.68,0.49
 82.13034,  7.06454,11.68,0.88
 76.53132,  8.55343,11.68,1.40
 80.17527,  5.64778,11.68,0.64
 82.62712,  8.97693,11.68,0.87
 77.10482, 10.88293,11.68,0.85
 79.92315,  6.20763,11.68,0.99
 79.00205,  6.36023,11.68,0.76
 78.71074,  9.49651,11.68,0.73
 81.22784,  7.33981,11.68,1.53
 79.17463,  6.70136,11.68,1.55
 77.74088,  9.09663,11.68,0.86
 81.14831,  7.84452,11.68,0.89
 77.69709,  6.70780,11.69,0.73
 81.17126,  8.76280,11.69,1.47
 77.45671,  7.45952,11.69,0.77
 80.12795,  9.22976,11.69,3.50
 81.54021,  9.57667,11.69,0.51
 82.50300,  7.72995,11.69,1.54
 76.32429,  7.81191,11.69,0.89
 81.91781,  7.86271,11.69,1.66
 81.68191,  6.23572,11.69,0.83
 78.36287, 11.10272,11.69,1.06
 81.19312,  7.51371,11.69,2.08
 81.59823, 10.09641,11.69,1.37
 82.17496,  7.06541,11.69,1.43
 78.52466, 10.65419,11.69,0.73
 78.14711, 10.55164,11.69,2.20
 81.54541, 10.21326,11.69,1.63
 82.67060,  9.18399,11.69,1.44
 78.00315,  6.25667,11.69,0.52
 76.10636,  8.24119,11.69,0.73
 78.45126,  5.68054,11.69,0.50
 78.22376,  7.92307,11.70,0.27
 79.98300,  4.61629,11.70,1.76
 79.47766,  6.03921,11.70,1.29
 78.81445,  9.81397,11.70,1.65
 77.89433, 10.48183,11.70,1.05
 79.15259,  6.26319,11.70,0.64
 80.02955, 10.21509,11.70,0.98
 78.11764,  8.38348,11.70,1.75
 76.32596,  9.59992,11.70,1.32
 79.57200, 10.60919,11.70,1.03
 76.07694,  8.62734,11.70,1.70
 82.06189, 11.09552,11.70,1.59
 82.68492,  7.68986,11.70,0.72
 78.25435,  7.10136,11.70,2.14
 80.73573, 10.98980,11.70,1.73
 80.93815,  9.41654,11.70,1.35
 80.12940,  6.47085,11.70,0.84
 81.55679,  8.22430,11.70,0.81
 78.71535,  9.24564,11.70,1.62
 80.09567, 10.41159,11.70,1.05
 78.54394,  8.73223,11.70,1.96
 79.82940,  5.46370,11.70,0.69
 82.57312,  8.43711,11.70,0.96
 76.97973,  6.38865,11.71,0.68
 78.47507,  6.13632,11.71,0.40
 82.14988,  8.50873,11.71,1.47
 76.55072,  6.52998,11.71,0.69
 78.22048,  8.92936,11.71,0.80
 79.60046,  9.50313,11.71,1.51
 82.01006,  9.79850,11.71,2.23
 76.54487,  7.05057,11.71,0.03
 78.36780,  9.02645,11.71,1.28
 78.93574,  5.70907,11.71,1.04
 79.01159,  6.29449,11.71,1.24
 82.67238, 10.50902,11.71,1.12
 82.82046,  7.96652,11.71,1.04
 81.10015, 11.38387,11.71,1.94
 79.73842,  5.30664,11.71,0.28
 76.26436,  7.69365,11.71,1.38
 82.72139,  9.06002,11.71,1.23
 76.19023,  7.27503,11.71,1.45
 77.44218,  6.49134,11.71,0.94
 82.27931, 10.89580,11.71,1.46
 77.71283, 10.60248,11.72,1.52
 78.27981,  7.17732,11.72,1.49
 82.58850,  9.26827,11.72,1.04
 82.02810,  9.25254,11.72,0.84
 79.85430,  6.04155,11.72,1.60
 82.99388,  8.02945,11.72,1.32
 82.85741,  9.52658,11.72,1.05
 77.82502,  6.46294,11.72,0.70
 79.97742,  5.31046,11.72,0.72
 82.18180,  6.54034,11.72,1.09
 80.15403,  5.67925,11.72,1.46
 82.19177,  7.02635,11.72,0.89
 81.59043,  9.66391,11.72,1.96
 78.10633,  6.12593,11.72,0.95
 77.06070, 10.73098,11.72,1.42
 77.23909, 10.45275,11.72,1.41
 80.56392,  9.57749,11.72,0.78
 80.30092,  6.92243,11.72,0.74
 79.82486, 10.94983,11.72,1.09
 80.61481, 11.59584,11.72,0.89
 80.26920, 10.65173,11.73,0.81
 81.45293, 11.31805,11.73,1.91
 81.70744, 10.36679,11.73,0.71
 79.46806,  5.79005,11.73,0.67
 77.24619,  8.63623,11.73,0.96
 80.92444,  7.87150,11.73,2.38
 80.23231,  5.81142,11.73,0.63
 79.73280,  9.55252,11.73,0.87
 80.94183,  7.66014,11.73,0.95
 82.25404, 10.53315,11.73,0.76
 79.49409, 10.53698,11.73,1.50
 80.40695,  8.03707,11.73,1.71
 81.55733,  5.94411,11.73,0.82
 81.73105,  9.66031,11.73,0.30
 77.35761,  6.11545,11.73,0.68
 78.89342, 10.84555,11.74,0.89
 81.12296,  9.66196,11.74,1.50
 81.68470,  6.50220,11.74,2.43
 78.27433,  7.72652,11.74,2.10
 78.52454,  9.92081,11.74,0.93
 83.14189,  6.93045,11.74,0.53
 82.63368, 10.42393,11.74,1.40
 78.18075,  7.25039,11.74,2.19
 79.78463,  4.71228,11.74,0.82
 76.39768,  6.31066,11.74,0.92
 79.76609,  5.90365,11.74,0.83
 79.11647,  7.29389,11.74,1.48
 80.54172,  9.23313,11.74,1.80
 82.73408,  8.02332,11.74,1.78
 77.12678,  7.41363,11.74,0.88
 79.93385, 10.30751,11.74,1.69
 82.84043,  7.04970,11.74,1.58
 78.52907,  7.60397,11.74,0.87
 76.39111,  8.95835,11.75,1.74
 76.21231,  9.66596,11.75,1.71
 80.07325,  9.36689,11.75,1.17
 80.60654, 10.34111,11.75,1.82
 76.17690,  8.39840,11.75,1.03
 79.82504,  6.83463,11.75,0.95
 80.47421,  8.95086,11.75,2.31
 77.52140,  8.37608,11.75,0.74
 77.21540,  6.29197,11.75,0.69
 82.77932,  7.06234,11.75,1.44
 81.23695,  6.12074,11.75,0.81
 76.90448,  8.51962,11.75,2.17
 76.08840,  7.92108,11.75,0.14
 78.14960,  6.48216,11.75,0.76
 78.10047, 10.25951,11.75,0.97
 78.72178,  8.32106,11.75,0.85
 80.22405,  5.54910,11.75,0.55
 76.34469,  8.24536,11.75,1.20
 77.01086,  9.31288,11.75,1.51
 77.27958,  9.51545,11.75,0.90
 78.79471,  5.44947,11.75,1.28
 78.35822,  7.86341,11.75,1.35
 81.02012,  7.35728,11.76,2.07
 79.26626, 10.14004,11.76,1.55
 81.21803,  6.49832,11.76,2.15
 80.88220, 11.01029,11.76,0.81
 78.11726,  8.38206,11.76,1.77
 81.46075,  6.77662,11.76,0.92
 78.43929, 10.29803,11.76,1.42
 81.52730, 11.08173,11.76,0.83
 82.61102, 10.38882,11.76,0.86
 82.80958,  7.78662,11.76,1.33
 76.93907,  9.06691,11.76,1.47
 76.46490,  7.33223,11.76,0.86
 76.82893, 10.11044,11.76,1.91
 82.98924,  7.04978,11.76,1.01
 76.59238,  8.34796,11.76,0.00
 77.33374,  9.70280,11.76,0.79
 81.70657, 11.02501,11.76,0.66
 82.13860,  8.01047,11.76,1.28
 78.38507, 10.05267,11.76,1.61
 79.79795,  7.05359,11.76,0.93
 77.86437,  8.43856,11.76,0.87
 79.47938, 12.06852,11.77,0.77
 79.50694,  5.21312,11.77,1.29
 78.99069,  7.80131,11.77,0.59
 80.91267,  5.62321,11.77,0.69
 76.94213,  9.35901,11.77,0.92
 82.08466,  9.26801,11.77,0.70
 76.51698,  8.64657,11.77,0.52
 79.35456,  8.11893,11.77,1.52
 77.63662,  6.98342,11.77,0.82
 78.35078, 11.82867,11.77,1.34
 81.00833,  6.62467,11.77,1.20
 79.65204,  6.27136,11.77,1.22
 82.66785, 10.90211,11.77,0.60
 80.42581, 10.51130,11.77,1.73
 78.54496,  8.27160,11.77,1.82
 77.37428,  7.79383,11.77,1.38
 82.31901,  9.85531,11.77,1.61
 79.32448, 11.21262,11.77,1.43
 76.75490,  9.74207,11.77,1.65
 76.62390,  7.11240,11.78,0.72
 81.22348,  9.70745,11.78,1.43
 81.78387,  7.33652,11.78,0.77
 77.46726, 10.58373,11.78,0.70
 76.37660,  6.30175,11.78,0.16
 77.91522,  8.20274,11.78,0.87
 78.25349,  7.44387,11.78,0.96
 76.31597,  8.21048,11.78,0.73
 76.23141,  6.77806,11.78,1.68
 80.12281,  4.71117,11.78,0.71
 79.84294, 11.22425,11.78,1.86
 77.52673,  6.47007,11.78,0.75
 80.39935,  7.15147,11.78,1.68
 81.76105, 10.64686,11.78,1.67
 81.69390,  8.95035,11.78,0.75
 78.67494,  5.23946,11.78,1.34
 81.90367,  9.21758,11.79,0.75
 78.28962, 10.89971,11.79,0.94
 79.99112,  5.68729,11.79,0.87
 81.44806,  7.35986,11.79,1.85
 81.58136,  8.67513,11.79,0.85
 80.00883,  7.49778,11.79,0.94
 76.83908,  9.17840,11.79,0.79
 79.41018,  5.75086,11.79,0.70
 78.84291,  7.12170,11.79,0.80
 78.76303,  6.31211,11.79,0.84
 79.71366,  5.95206,11.79,0.29
 80.97967,  9.58073,11.79,1.34
 77.75784,  6.20127,11.79,0.73
 82.08549,  7.15542,11.79,1.03
 77.16247,  5.96991,11.79,0.68
 78.94618,  9.44225,11.80,1.61
 81.08117,  9.01728,11.80,2.09
 79.26794,  9.69015,11.80,1.94
 78.77862,  6.16383,11.80,1.48
 78.65515, 10.67055,11.80,1.60
 81.58731,  6.01912,11.80,0.90
 78.56822,  7.19055,11.80,1.00
 77.84005,  7.23830,11.80,0.71
 81.07663,  5.45892,11.80,0.90
 82.43384, 10.62043,11.80,1.46
 79.67193, 10.31932,11.80,0.72
 79.39303, 10.66907,11.80,2.57
 79.48468, 10.57599,11.80,1.00
 78.00143, 11.36360,11.80,1.71
 79.10879, 10.15101,11.80,0.93
 76.94873,  8.79926,11.80,1.29
 80.38954,  5.42084,11.80,0.72
 76.69376,  8.91637,11.80,0.74
 76.84335,  8.00817,11.80,0.48
 82.83978,  6.69753,11.80,0.86
 80.50148, 10.92298,11.80,2.75
 81.42195,  7.68116,11.81,1.12
 82.57209, 10.94383,11.81,0.92
 79.06078,  8.18420,11.81,1.15
 78.04381,  6.80364,11.81,0.12
 82.50107, 10.80406,11.81,1.70
 78.67894,  7.03325,11.81,1.09
 81.88739,  7.32677,11.81,3.06
 81.87083,  6.37226,11.81,2.35
 77.72114,  9.01251,11.81,1.53
 79.50330, 12.06791,11.81,0.89
 80.27909, 11.50541,11.81,2.67
 79.39917,  5.09039,11.81,0.77
 82.26123, 11.10141,11.81,1.96
 79.55413, 10.09206,11.81,1.07
 76.78893, 10.43455,11.81,1.09
 76.36607,  7.41237,11.81,0.84
 79.06738,  5.12941,11.81,1.32
 80.11499,  5.10437,11.81,0.70
 79.46132,  5.91196,11.81,1.53
 77.82490,  9.34664,11.81,1.14
 76.67612, 10.61914,11.82,0.81
 80.19672, 11.71128,11.82,1.72
 77.49962,  7.16339,11.82,0.85
 79.93263,  8.80049,11.82,1.02
 82.25642, 10.99044,11.82,1.53
 79.61609,  8.97314,11.82,1.73
 81.53328, 10.41236,11.82,1.72
 78.14809,  5.72598,11.82,0.98
 80.58813, 10.82997,11.82,2.84
 77.89259,  8.36381,11.82,2.00
 80.22901, 11.76704,11.82,2.24
 77.21229,  9.23387,11.82,0.84
 78.18554,  6.24476,11.82,0.72
 76.22764,  9.17349,11.82,0.86
 80.30515,  5.84880,11.82,0.43
 80.81500,  9.08890,11.82,1.82
 80.91573,  7.55778,11.82,1.05
 79.70875,  6.31070,11.82,1.33
 76.81765, 10.77352,11.82,1.65
 78.23902,  9.23997,11.82,0.77
 80.24715, 10.78534,11.82,0.80
 81.40917,  9.72870,11.82,1.51
 82.67912,  8.33333,11.82,1.57
 78.51613,  8.06380,11.82,0.33
 79.33264,  5.68809,11.82,0.88
 78.80499,  5.38937,11.82,1.09
 78.83002,  6.24164,11.83,0.31
 82.71571,  7.59448,11.83,0.44
 82.12134, 10.20461,11.83,1.48
 76.68147,  7.00814,11.83,1.62
 81.99425, 10.96863,11.83,0.67
 82.11352, 10.32342,11.83,0.86
 76.73359,  8.36477,11.83,0.81
 81.87176, 10.23112,11.83,0.73
 76.68876,  9.22995,11.83,0.79
 78.42451,  6.21740,11.83,1.35
 78.90268,  8.16148,11.83,0.83
 75.88471,  9.17181,11.83,1.26
 81.31861,  8.78144,11.83,1.08
 78.63777,  5.50334,11.83,1.26
 81.17580,  9.32414,11.83,1.37
 81.00472,  6.39191,11.84,0.63
 77.14460,  8.88647,11.84,0.80
 78.04229,  5.93064,11.84,0.76
 79.31031,  8.60603,11.84,0.94
 82.14376,  8.87875,11.84,1.26
 81.68893,  9.38537,11.84,0.90
 82.57459,  7.38051,11.84,1.44
 81.12687,  7.37052,11.84,1.65
 79.30716,  7.01304,11.84,0.86
 81.07374, 11.23018,11.84,1.07
 78.08681, 10.43874,11.84,0.89
 82.71361, 10.80323,11.84,1.53
 76.97588,  6.25668,11.84,0.86
 80.45007, 11.60352,11.84,0.83
 76.48623,  7.16686,11.84,0.79
 76.57069,  8.84482,11.84,0.72
 77.36145,  6.03304,11.84,1.64
 76.16597,  8.88396,11.84,0.51
 77.59280,  7.60168,11.84,0.92
 80.40995,  6.79179,11.84,1.60
 80.98884,  9.04744,11.84,1.44
 80.53806,  6.19405,11.84,0.65
 81.15710,  5.50578,11.84,1.27
 78.79550, 11.46293,11.85,1.01
 79.66684,  4.80639,11.85,1.62
 79.60731, 11.36087,11.85,1.68
 79.36725, 11.79071,11.85,1.89
 82.88357,  9.83631,11.85,1.48
 82.28766, 11.08591,11.85,0.82
 80.66271,  9.27476,11.85,1.74
 79.52828,  8.51780,11.85,0.98
 78.07254,  8.60532,11.85,1.53
 80.34570, 11.97640,11.85,0.95
 77.79704,  7.63637,11.85,0.55
 81.88507, 10.81838,11.85,0.94
 82.93709,  7.58755,11.85,1.37
 79.47722,  8.67065,11.85,1.99
 79.80705,  6.96164,11.85,0.78
 81.02113,  9.81842,11.85,1.32
 80.93350,  9.56758,11.85,1.68
 81.03518,  9.71431,11.85,0.81
 82.92825,  6.91236,11.86,1.85
 79.43445,  7.54869,11.86,0.79
 78.95541,  9.24887,11.86,0.87
 82.84996,  7.01337,11.86,0.65
 79.69669, 10.13475,11.86,1.58
 79.26097,  9.02483,11.86,1.57
 76.69991,  9.83831,11.86,1.30
 82.07239,  8.78488,11.86,1.75
 80.47781, 10.98660,11.86,3.53
 79.37129,  6.72682,11.86,1.12
 77.87895,  8.06146,11.86,0.80
 81.61275,  6.03175,11.86,0.70
 80.11365,  4.86810,11.86,0.56
 79.85575,  6.30275,11.86,1.12
 78.88149,  6.37273,11.86,0.77
 81.42317,  9.12074,11.86,1.46
 76.34075,  6.70877,11.86,0.65
 81.94949, 11.19777,11.86,1.52
 76.32666,  9.85497,11.86,0.86
 77.74742,  7.36189,11.87,0.80
 79.20230, 12.31497,11.87,1.91
 78.99585,  5.51312,11.87,0.80
 79.56750,  5.37106,11.87,1.25
 77.61227,  9.92831,11.87,0.73
 78.59442,  9.32445,11.87,1.68
 78.11466, 11.18017,11.87,1.75
 81.68878,  8.26608,11.87,0.81
 80.88216,  7.74888,11.87,2.11
 82.04142, 10.54341,11.87,0.80
 82.82771,  7.63585,11.87,1.24
 77.62308, 11.03262,11.87,1.78
 79.58281, 10.54839,11.87,2.47
 76.59406, 10.59866,11.87,1.35
 80.72905,  9.05962,11.87,1.70
 77.60971,  8.23370,11.87,0.66
 81.55006,  8.45380,11.88,1.43
 78.51542,  7.77440,11.88,1.06
 76.84016,  6.70937,11.88,0.89
 80.11243,  5.46819,11.88,3.55
 80.14022,  8.77431,11.88,1.88
 78.11377,  9.13044,11.88,1.26
 77.52485, 10.52362,11.88,0.93
 80.73686,  7.76603,11.88,1.62
 76.68897,  7.92340,11.88,1.42
 79.06969, 10.18031,11.88,2.06
 77.58164,  6.17421,11.88,1.06
 79.94328,  7.72061,11.88,2.04
 79.60195,  9.21871,11.88,1.72
 78.93030,  6.95363,11.88,0.86
 80.54802,  9.25254,11.88,1.07
 79.07269,  6.86603,11.88,2.27
 79.98351,  9.85631,11.88,0.99
 81.56426,  8.88149,11.88,1.47
 80.58059,  5.27649,11.88,0.80
 81.26560,  8.40487,11.88,1.75
 77.40285,  8.10467,11.88,0.84
 76.65817, 10.48778,11.88,0.56
 76.26632,  9.19237,11.88,1.15
 79.32223,  5.95302,11.89,0.71
 76.55572,  7.36357,11.89,1.60
 79.97802,  6.53726,11.89,0.85
 78.26157, 11.06462,11.89,1.68
 81.71493, 10.11232,11.89,0.95
 78.13927,  9.88038,11.89,1.39
 78.90664, 10.74332,11.89,0.92
 81.45165, 10.19130,11.89,0.95
 82.59470,  8.77884,11.89,0.81
 76.80007, 10.71827,11.89,0.88
 80.17275,  6.20713,11.89,1.36
 78.64467,  7.61609,11.89,0.75
 77.71223,  8.34996,11.89,1.36
 82.40603, 10.72912,11.89,0.73
 81.37527, 10.28602,11.89,1.43
 79.66447,  9.67018,11.90,0.75
 77.42859, 11.04542,11.90,1.07
 81.73479,  7.93765,11.90,2.41
 81.67868,  9.15388,11.90,1.69
 81.13195,  8.46082,11.90,0.93
 76.53401,  8.44393,11.90,1.09
 80.60830, 11.68059,11.90,1.12
 78.79585,  6.24295,11.90,0.52
 77.27592, 10.76356,11.90,1.58
 77.20969, 10.39781,11.90,1.00
 78.38814,  9.10074,11.90,0.85
 79.08180,  8.44330,11.90,1.72
 80.75307, 10.86057,11.90,1.53
 82.19559,  7.38339,11.90,1.04
 79.04271, 11.06847,11.90,1.74
 76.89633,  8.99020,11.90,1.32
 77.76022,  7.68322,11.90,0.78
 82.02370, 10.69188,11.90,1.01
 77.78480,  7.29066,11.91,1.49
 82.59446,  7.37463,11.91,0.90
 81.58086,  8.79499,11.91,0.97
 77.03643,  8.06850,11.91,1.48
 77.55571,  8.22109,11.91,0.92
 78.38163,  7.77445,11.91,0.63
 76.33248, 10.21103,11.91,1.43
 79.58367,  6.91486,11.91,0.67
 79.58964,  7.44838,11.91,0.90
 80.46361,  6.83494,11.91,0.70
 77.85342,  7.48222,11.91,1.26
 76.87930,  7.84662,11.91,1.35
 75.80678,  9.89036,11.91,0.90
 80.19636,  6.12181,11.91,0.80
 76.29980,  7.87843,11.91,1.49
 80.14225, 11.52359,11.91,1.16
 76.50980, 10.44467,11.91,0.90
 81.22433,  9.93775,11.91,0.92
 80.96333,  8.22634,11.91,0.83
 81.04562,  7.73579,11.91,0.83
 81.03875, 10.80908,11.91,0.96
 78.89982,  5.57838,11.91,0.82
 80.11870,  5.80303,11.91,1.38
 79.01185,  5.35899,11.91,1.30
 81.89804, 10.30186,11.91,1.58
 80.20361,  8.30482,11.91,2.48
 80.51795,  9.76792,11.92,1.64
 80.32643, 10.66003,11.92,1.88
 76.21538,  8.19902,11.92,0.73
 81.44609,  9.31239,11.92,1.81
 78.56656, 11.10714,11.92,1.02
 79.26696,  7.81525,11.92,1.45
 82.00213,  6.93753,11.92,1.10
 79.27901,  6.91541,11.92,1.29
 77.63348, 11.09520,11.92,2.07
 81.14312,  7.65053,11.92,0.88
 81.98326, 10.41537,11.92,1.47
 78.48165,  6.23755,11.92,0.75
 78.46515,  5.98418,11.92,0.41
 78.93294,  7.67738,11.92,0.83
 79.36875, 12.16938,11.92,1.89
 76.95985,  8.10562,11.92,0.72
 79.07395,  5.29212,11.92,0.78
 81.32415, 10.40877,11.92,1.14
 78.76388,  8.01392,11.92,0.84
 82.42476, 10.21176,11.92,0.75
 78.34231,  7.97974,11.92,1.26
 83.03250,  7.99475,11.92,0.94
 81.45558,  8.10926,11.92,0.91
 79.12832,  4.98874,11.92,0.74
 80.71194, 10.34046,11.92,0.98
 78.06588,  9.31180,11.92,1.32
 81.27524, 11.05757,11.92,0.87
 78.57468, 10.81129,11.93,0.88
 78.90247,  6.80028,11.93,0.79
 81.43945,  8.88263,11.93,0.87
 78.46990, 10.06766,11.93,1.82
 81.35234,  6.09745,11.93,1.75
 80.52372,  6.06860,11.93,0.91
 77.85728,  5.71583,11.93,0.72
 79.76546, 11.49980,11.93,2.08
 80.20626,  5.91212,11.93,1.20
 81.24081, 10.25735,11.93,0.95
 79.08976,  5.97531,11.93,0.22
 78.34984,  9.83249,11.93,1.44
 78.61713,  9.10051,11.93,1.03
 79.33309,  7.81182,11.93,0.56
 83.03294,  6.96264,11.93,1.80
 78.75220,  5.93824,11.93,0.75
 77.23158,  5.93685,11.93,0.89
 81.21530, 11.33832,11.93,0.83
 80.45186,  9.58363,11.93,1.02
 81.85154,  9.59648,11.94,0.80
 79.50172, 10.23626,11.94,1.00
 80.77834, 11.60855,11.94,0.57
 82.77323,  6.70911,11.94,0.81
 81.75192,  9.50180,11.94,1.17
 76.73306,  6.07564,11.94,0.84
 77.59846, 11.09367,11.94,0.74
 82.14459, 10.10474,11.94,0.61
 80.19372,  5.80941,11.94,0.70
 76.28630,  7.12542,11.94,1.27
 80.18898,  4.79128,11.94,1.11
 77.50853,  5.69955,11.94,0.78
 82.86928,  9.40031,11.94,0.75
 82.88814,  9.06137,11.94,1.36
 76.36132,  9.20628,11.94,1.30
 79.43650,  5.94885,11.94,1.84
 79.71308, 10.31540,11.94,1.32
 81.25676,  9.87994,11.94,1.46
 78.87334, 11.97142,11.94,1.87
 82.48219, 10.90733,11.94,1.38
 77.06245,  9.77775,11.94,1.31
 79.26050,  8.79422,11.94,1.53
 81.08173, 10.28387,11.95,1.05
 80.83268,  7.20111,11.95,1.89
 78.90512, 11.86878,11.95,2.08
 80.33877, 10.47775,11.95,1.65
 78.33365, 11.00280,11.95,0.89
 79.14305,  5.12656,11.95,1.20
 81.55275,  6.14384,11.95,1.70
 78.59371,  6.46067,11.95,0.82
 78.11574,  6.19731,11.95,1.14
 80.15410,  6.74623,11.95,1.35
 76.99429,  7.70982,11.95,0.43
 78.16734,  9.55134,11.95,0.80
 76.09756,  8.30990,11.95,0.74
 81.78618,  7.73756,11.95,0.79
 79.23357,  7.44692,11.95,1.14
 80.25588, 10.93523,11.95,0.97
 78.24249, 10.76856,11.95,1.51
 78.69375,  5.36901,11.95,0.83
 81.47409, 10.87340,11.95,0.73
 77.41454,  8.58008,11.95,0.46
 76.36781,  6.24405,11.95,0.74
 81.09906,  9.15855,11.95,1.65
 81.19468,  9.84176,11.96,1.37
 82.67473, 10.31714,11.96,0.82
 77.64196,  8.75770,11.96,1.35
 81.57630, 10.15776,11.96,0.84
 79.84657,  5.32296,11.96,1.72
 80.15269,  6.26230,11.96,0.74
 82.80792,  7.35088,11.96,1.37
 78.23060,  9.85818,11.96,1.45
 82.04484,  8.28076,11.96,1.43
 79.53743, 11.00274,11.96,0.87
 78.57439,  6.80969,11.96,1.28
 81.60216,  5.89134,11.96,1.49
 81.66194,  5.98675,11.96,1.58
 78.81288,  5.73308,11.96,1.18
 77.67434,  5.84902,11.96,0.66
 81.27719,  9.60023,11.96,1.31
 80.15545,  6.50554,11.96,1.19
 82.45510,  6.43023,11.96,0.32
 79.00992,  6.84616,11.96,0.87
 81.72375, 11.03909,11.97,1.71
 79.73749, 10.20657,11.97,0.99
 79.06525,  7.51233,11.97,1.29
 77.75910,  6.67620,11.97,0.82
 82.07206, 10.36605,11.97,2.88
 80.08363,  8.37928,11.97,1.05
 79.08577,  7.70545,11.97,1.53
 81.41621,  5.78264,11.97,0.73
 77.98531, 10.58204,11.97,1.56
 79.54969,  7.49217,11.97,1.96
 77.76527,  9.16461,11.97,0.71
 78.75454,  8.76685,11.97,1.95
 81.51942,  8.58693,11.97,0.87
 78.42073,  7.57111,11.97,0.77
 76.02636, 10.15785,11.97,0.77
 82.21906,  6.56788,11.97,1.73
 80.88017,  9.50521,11.97,0.41
 77.21866,  6.26049,11.97,0.76
 81.93319,  8.14491,11.98,0.80
 78.59679,  7.77647,11.98,0.86
 78.02576,  9.44146,11.98,0.83
 78.72407,  9.15878,11.98,0.76
 76.16383,  7.46583,11.98,0.94
 79.21031,  6.76014,11.98,1.10
 79.18864,  6.75736,11.98,0.74
 75.98916,  9.52566,11.98,0.88
 77.97272,  5.50384,11.98,0.76
 76.27553,  6.77026,11.98,0.97
 79.26221,  7.73986,11.98,1.89
 79.32748,  7.65362,11.98,1.03
 76.78961,  6.48574,11.98,0.44
 81.52788,  5.90599,11.98,0.94
 82.77480,  6.61773,11.98,0.88
 81.27090,  8.32735,11.98,1.57
 78.14863, 10.38627,11.98,1.50
 76.32603, 10.27102,11.98,0.96
 78.42020, 11.98661,11.99,3.44
 79.04424,  6.21038,11.99,1.29
 82.97202,  9.04100,11.99,1.29
 77.35159,  5.90630,11.99,0.99
 82.72964,  8.53790,11.99,0.87
 81.64517,  9.14505,11.99,0.87
 79.57419,  5.80105,11.99,0.83
 80.06382,  9.98199,11.99,2.68
 80.62648,  8.19761,11.99,2.26
 80.85359,  8.89739,11.99,1.59
 79.17093,  6.66053,11.99,1.23
 79.63403, 10.45342,11.99,1.69
 77.95253,  6.79575,11.99,0.97
 79.81470, 11.77645,11.99,1.07
 78.13960,  5.53440,11.99,0.63
 77.26497,  7.65952,11.99,0.59
 78.37325,  8.48591,11.99,0.45
 81.62114,  7.70702,11.99,0.65
 80.68506,  6.47026,11.99,0.62
 79.03190, 10.89952,11.99,0.97
 79.13395,  5.98412,11.99,1.07
 81.84530,  7.76041,11.99,0.93
 77.12695, 10.10128,11.99,0.94
 78.26696,  7.31287,11.99,1.18
 80.14855,  8.72900,11.99,0.91
 76.02373,  9.51967,11.99,0.90
 80.02320,  4.77031,11.99,1.29
 82.61242,  7.17197,11.99,0.88
 77.91873,  8.87232,12.00,0.96
 81.53528,  6.66972,12.00,1.14
 77.65546,  7.64754,12.00,1.18
 78.49126,  7.41356,12.00,0.84
 81.15500,  7.23414,12.00,1.29
 81.53468,  8.45799,12.00,1.51
 80.94112,  7.87245,12.00,1.17
 77.39551, 10.22383,12.00,0.83
 80.00902,  4.61004,12.00,0.68
 78.21991,  6.26369,12.00,0.88
 81.73225, 10.27787,12.00,1.92
 78.70111,  8.52455,12.00,1.32
 82.96063,  6.96161,12.00,1.86
 77.37132,  7.77444,12.00,1.28
 78.83590,  7.87122,12.00,0.57
 79.32355,  9.92112,12.00,2.24
 78.57579, 10.18418,12.00,0.75
 79.03825,  5.32665,12.00,1.20
 81.59349, 10.03368,12.00,0.87
 80.72369, 10.80272,12.00,1.91
 81.65001, 10.96701,12.00,0.64
 79.24048,  9.82732,12.00,1.00
 82.32419,  9.51473,12.00,1.67
 79.68573,  4.94354,12.01,1.36
 81.75231,  9.41095,12.01,2.12
 79.34257, 10.66691,12.01,0.93
 79.66490,  5.13398,12.01,1.18
 80.04488,  9.08694,12.01,1.13
 81.15120,  9.15676,12.01,0.86
 77.66378, 11.25768,12.01,0.87
 81.47961, 10.74879,12.01,2.10
 78.58977,  7.36969,12.01,0.76
 78.48650,  6.19605,12.01,0.82
 78.51220,  7.73016,12.01,1.29
 79.88917,  5.68169,12.01,1.17
 76.04071,  8.09602,12.01,0.90
 82.35958, 10.85676,12.01,1.22
 77.11437,  8.02375,12.01,1.39
 77.54362, 11.13757,12.01,1.74
 80.67888,  7.15857,12.01,1.96
 80.43686,  5.51874,12.01,1.23
 83.01298,  8.50454,12.01,0.49
 81.68999,  7.45731,12.01,0.90
 78.37333,  7.37361,12.01,0.97
 80.81246,  9.82243,12.01,1.47
 80.75847,  9.07304,12.01,1.90
 81.48494,  7.98412,12.01,0.77
 80.92698,  6.86604,12.01,1.77
 76.98649,  6.35904,12.01,1.16
 82.28857,  9.53735,12.01,1.44
 81.53528, 10.88881,12.01,1.40
 82.38265,  9.83593,12.01,0.80
 82.38042, 10.28826,12.01,1.59
 76.38926, 10.21316,12.01,1.64
 79.18191,  5.24737,12.01,1.32
 81.38829,  8.99884,12.02,1.47
 81.09167,  7.08536,12.02,0.86
 76.44707,  8.30520,12.02,1.36
 75.95472,  8.82311,12.02,1.06
 78.62979, 10.67488,12.02,0.93
 80.91535,  7.55761,12.02,1.16
 79.93265,  8.80058,12.02,1.03
 79.47364,  4.98590,12.02,0.86
 77.21724, 10.71742,12.02,1.74
 80.27936,  6.44815,12.02,1.35
 79.46592,  6.96705,12.02,0.38
 78.41832,  8.85463,12.02,1.37
 79.30813,  5.81047,12.02,0.81
 80.34829, 10.77201,12.02,2.28
 78.41843,  9.91391,12.02,1.25
 80.38039,  9.19797,12.02,1.79
 78.34618, 10.86220,12.02,3.82
 77.75045,  8.66412,12.03,1.42
 77.99435,  8.76081,12.03,0.81
 76.33080,  7.84660,12.03,1.49
 77.35160,  5.90611,12.03,0.99
 77.61796,  8.73427,12.03,1.47
 78.81371,  7.00830,12.03,0.69
 80.07309, 11.05981,12.03,1.21
 78.94290,  8.21795,12.03,0.91
 81.80351,  8.48029,12.03,0.94
 78.22790,  6.92157,12.03,1.36
 78.39282,  6.62023,12.03,0.74
 79.61384, 11.11695,12.03,1.84
 79.93912,  5.76169,12.03,1.27
 79.01828,  9.79630,12.03,1.02
 78.06309,  6.11123,12.03,0.82
 77.68136,  6.85000,12.03,1.10
 79.54629,  7.75603,12.03,2.30
 80.24258, 11.16665,12.03,1.02
 79.92743,  5.75673,12.03,1.44
 79.26665, 12.08724,12.03,1.17
 81.18855,  5.68943,12.03,0.93
 78.14463,  6.52244,12.03,1.23
 78.54838,  8.55241,12.03,0.97
 79.24400,  8.69789,12.03,2.21
 80.05285, 11.11012,12.04,1.00
 81.20797,  9.65441,12.04,0.98
 78.06084,  6.00695,12.04,1.52
 80.34551, 11.97671,12.04,0.84
 77.53309, 10.34064,12.04,0.51
 81.04537,  9.39315,12.04,0.99
 77.48044,  8.40179,12.04,1.47
 80.42932,  5.54151,12.04,1.75
 78.59313, 12.11946,12.04,1.78
 80.32254,  8.22107,12.04,1.09
 80.15806,  8.08374,12.04,1.66
 82.33181,  7.91278,12.04,1.36
 79.27350,  7.99796,12.04,0.68
 81.55466,  9.09379,12.04,0.83
 76.53076, 10.19773,12.04,1.06
 78.59574,  7.44242,12.04,0.70
 79.92347, 10.60200,12.04,1.83
 77.36259,  9.63002,12.04,0.56
 80.89673,  7.57506,12.04,1.95
 81.97002,  7.79003,12.04,1.58
 81.14015,  8.87808,12.04,0.87
 81.41635, 10.61310,12.05,0.90
 78.86742,  8.24035,12.05,0.81
 77.14766,  6.32896,12.05,0.86
 76.30779, 10.38112,12.05,1.25
 80.81706,  5.97508,12.05,0.69
 80.47545,  9.23225,12.05,1.66
 83.15224,  7.32782,12.05,0.33
 81.88776, 10.68332,12.05,1.81
 82.10785, 10.60710,12.05,0.89
 76.36591,  7.84635,12.05,0.95
 80.18475, 11.37921,12.05,0.97
 78.63280,  9.83228,12.05,1.59
 78.72225, 11.65808,12.05,1.88
 77.29518,  8.78625,12.05,0.80
 78.82931,  7.01582,12.05,0.76
 80.84129,  6.36695,12.05,1.33
 82.78784, 10.40001,12.05,0.71
 79.66575,  6.79793,12.05,0.76
 79.66192,  7.04744,12.05,0.78
 78.44246,  6.78307,12.05,0.90
 81.13684,  8.55877,12.05,1.50
 78.61638,  9.38106,12.05,1.43
 82.10939, 10.99190,12.05,1.50
 78.85896,  5.58424,12.05,1.36
 78.01769,  6.19482,12.05,0.93
 77.24660,  9.64771,12.05,1.26
 79.69483,  4.85300,12.05,1.62
 81.13231, 10.45589,12.05,1.00
 81.69716,  8.23765,12.05,0.70
 80.96680,  5.87949,12.05,1.28
 80.23634,  5.58408,12.06,1.91
 77.41566,  9.50712,12.06,1.02
 81.24340,  7.61525,12.06,1.09
 79.04482,  6.92946,12.06,0.71
 78.10682, 10.95578,12.06,1.10
 78.83526,  5.97982,12.06,0.51
 77.30983,  8.28133,12.06,0.89
 81.58174,  7.81748,12.06,1.57
 78.53742,  9.30702,12.06,0.88
 78.52659,  7.79545,12.06,0.97
 82.75882,  8.14704,12.06,0.98
 76.18768,  7.07849,12.06,1.37
 81.07940,  8.33291,12.06,0.92
 77.00421,  6.37342,12.06,0.72
 81.55993,  9.06039,12.06,0.41
 76.84512,  6.81804,12.06,1.33
 81.81084,  9.02706,12.06,0.79
 81.58139, 10.32935,12.06,1.31
 78.84539, 10.71896,12.06,1.66
 81.61118,  9.45237,12.06,0.94
 82.32672,  7.02988,12.06,1.30
 77.13186,  9.98949,12.07,0.85
 82.28886,  9.78222,12.07,1.15
 82.66962,  7.11386,12.07,1.06
 78.28268, 11.54784,12.07,1.05
 79.10348,  9.67956,12.07,0.92
 77.18256,  9.17520,12.07,1.27
 81.65179,  8.34497,12.07,1.81
 82.57131,  8.38069,12.07,1.36
 81.39444,  6.81757,12.07,0.84
 81.00902,  6.09252,12.07,1.86
 82.01221, 10.56756,12.07,1.99
 81.03201,  9.37286,12.07,0.80
 81.59435,  6.49653,12.07,1.57
 82.20448,  6.78705,12.07,1.03
 78.72399,  6.85081,12.07,1.32
 78.44226,  5.71522,12.07,0.64
 80.95791,  9.83701,12.07,1.24
 76.31015,  8.17482,12.07,0.70
 78.09492,  9.77452,12.07,1.37
 81.42487,  6.87603,12.07,1.04
 78.64161,  9.48746,12.07,1.46
 80.11063,  7.01905,12.07,0.76
 76.50594,  8.28348,12.07,0.85
 78.23751,  7.22789,12.08,0.85
 80.22419,  5.67529,12.08,0.89
 82.73044, 10.73471,12.08,1.90
 78.01633,  8.79273,12.08,1.34
 81.81591, 10.82452,12.08,1.57
 83.10290,  7.30648,12.08,1.19
 80.77035,  9.43992,12.08,1.93
 81.16119, 10.49950,12.08,0.96
 77.79306,  5.95849,12.08,1.10
 82.87114,  8.31034,12.08,0.73
 78.81747, 11.91609,12.08,1.86
 79.67615,  5.37017,12.08,0.76
 77.79355,  9.25999,12.08,1.12
 77.20018,  9.00050,12.08,1.25
 78.72990,  9.22603,12.08,0.56
 82.53486, 10.88295,12.08,1.55
 81.73649, 10.14886,12.08,0.92
 79.83829, 11.54325,12.08,1.18
 77.81465,  6.35144,12.08,1.04
 78.89626,  5.27150,12.08,0.00
 77.85071,  9.38726,12.08,1.28
 79.90183,  5.18016,12.08,0.82
 79.31626, 11.19790,12.08,1.95
 80.96576,  5.89255,12.08,1.34
 80.48664,  5.45974,12.08,1.25
 81.03708,  6.87656,12.08,1.69
 82.07817,  7.94005,12.08,0.85
 78.11924,  7.86931,12.08,1.32
 79.47650, 11.16129,12.08,0.86
 77.24873,  9.16271,12.08,0.81
 79.97386,  6.22764,12.08,1.90
 76.33724,  8.75312,12.08,1.39
 82.88506,  7.06778,12.08,1.47
 82.80573,  7.82578,12.08,1.51
 81.26082, 10.42613,12.08,1.81
 77.95822,  6.75014,12.08,1.26
 78.90485,  7.37503,12.09,2.00
 82.17788,  7.95249,12.09,1.84
 79.74965,  5.30909,12.09,1.34
 81.01009,  8.74743,12.09,2.04
 81.93788,  8.16151,12.09,1.31
 77.21502, 10.16667,12.09,1.53
 76.90187, 10.10204,12.09,1.34
 82.60173,  8.51273,12.09,0.62
 78.65710, 10.92472,12.09,0.80
 81.90735,  8.48208,12.09,0.79
 81.51038,  9.27257,12.09,0.88
 78.43523,  8.17180,12.09,1.99
 79.42302,  5.71252,12.09,0.85
 76.98216,  6.11183,12.09,0.77
 80.53958, 10.38504,12.09,1.69
 79.87300, 10.37292,12.09,0.93
 76.73426,  7.63469,12.09,1.43
 79.81715,  5.79091,12.09,1.06
 78.66039,  9.21826,12.09,1.50
 79.71867, 10.14071,12.09,0.88
 80.06070,  4.69184,12.09,1.97
 80.37623, 10.10082,12.09,0.84
 80.48669,  5.12383,12.09,1.60
 77.94935,  6.71944,12.09,0.68
 79.29480,  7.05528,12.09,1.46
 78.68257, 10.72363,12.09,0.99
 77.05755,  7.88343,12.09,1.31
 81.71061,  5.89305,12.09,1.32
 76.47173,  8.84782,12.10,1.32
 78.47981,  9.16756,12.10,0.90
 77.12062, 10.74897,12.10,1.53
 81.07379,  6.25814,12.10,1.04
 79.87417, 10.36739,12.10,1.31
 75.84123,  9.46417,12.10,1.77
 79.77293, 11.99069,12.10,1.72
 81.23970,  7.56068,12.10,0.91
 77.39380,  6.92744,12.10,0.66
 76.34511,  7.64922,12.10,0.88
 77.36665,  6.95004,12.10,1.04
 81.39722,  8.16689,12.10,1.61
 76.95616, 10.35445,12.10,2.63
 79.71588, 10.69138,12.10,2.22
 78.19167,  8.56159,12.10,1.21
 79.69086,  9.34022,12.10,1.72
 78.84937,  6.18585,12.10,0.35
 77.59949,  8.66721,12.10,1.64
 78.72466,  5.66510,12.10,1.24
 79.67077,  9.29085,12.10,1.66
 80.20953,  8.39410,12.10,0.77
 81.74021,  6.84640,12.10,0.77
 80.89356, 11.18071,12.10,1.16
 77.53880,  7.42417,12.10,1.00
 79.40977,  5.92008,12.10,0.86
 81.12879, 10.78990,12.11,0.92
 81.53266,  9.21502,12.11,0.81
 79.82693,  5.19550,12.11,1.39
 81.73573, 11.05475,12.11,0.97
 80.72091,  9.27825,12.11,1.65
 77.94338,  8.06035,12.11,0.79
 78.14496,  6.99287,12.11,0.79
 77.82284,  6.31839,12.11,0.67
 79.89702,  6.17169,12.11,0.67
 76.47967,  9.54590,12.11,0.94
 79.42043,  7.68175,12.11,1.14
 76.75278,  7.18482,12.11,0.71
 83.09194,  7.65370,12.11,1.36
 79.78178,  6.48408,12.11,0.73
 82.87381,  8.75528,12.11,0.77
 79.47567,  5.50198,12.11,1.21
 79.71308, 10.19446,12.11,1.58
 82.08826,  9.51031,12.11,0.77
 76.55568,  9.21835,12.11,1.43
 78.36411, 10.21388,12.11,1.33
 81.93325,  8.14495,12.11,0.80
 76.01375,  8.76432,12.11,0.52
 79.50905,  7.21100,12.11,1.24
 77.97235, 11.59622,12.11,0.97
 83.01712,  8.81413,12.11,1.45
 79.77509,  6.19089,12.11,0.69
 81.05068,  8.70705,12.11,1.39
 82.86161,  9.33989,12.11,1.49
 81.59117,  6.25669,12.12,1.77
 80.16647,  5.76945,12.12,1.65
 81.41785,  9.82691,12.12,1.40
 82.53563, 10.62914,12.12,1.45
 79.51831, 10.01647,12.12,0.87
 81.26386,  6.12545,12.12,0.94
 82.16366,  9.17879,12.12,1.86
 77.99654,  7.86477,12.12,0.93
 78.20597,  6.56198,12.12,1.39
 79.63576, 10.50674,12.12,1.86
 79.08969, 11.79636,12.12,1.50
 78.04547,  5.89422,12.12,0.83
 79.87454, 11.85460,12.12,1.94
 82.53482, 10.33962,12.12,0.58
 81.80333,  8.47966,12.12,0.99
 77.95488,  6.30962,12.12,0.82
 82.25995, 10.50034,12.12,1.00
 77.10491, 10.88283,12.12,0.86
 81.39631,  9.03202,12.12,0.90
 82.75894,  8.73568,12.12,0.80
 82.03256,  8.63347,12.12,0.90
 79.06181,  9.42804,12.12,1.63
 81.94658, 10.36331,12.12,0.98
 79.76178,  8.57103,12.13,1.97
 79.84383, 11.04913,12.13,1.66
 76.17431,  9.49590,12.13,0.71
 79.29474,  9.51590,12.13,2.56
 77.16268, 10.39998,12.13,0.89
 80.04929,  6.91511,12.13,1.38
 81.49179,  9.81948,12.13,1.63
 77.61779,  6.83486,12.13,1.38
 80.38724,  6.80401,12.13,0.64
 77.41460,  7.77807,12.13,1.69
 82.03203,  7.59122,12.13,1.53
 80.75864,  8.72222,12.13,1.56
 80.76445, 11.11851,12.13,1.51
 76.86209,  6.27184,12.13,1.31
 77.09118,  9.25066,12.13,1.06
 77.53375,  7.48528,12.13,1.73
 82.51028, 10.77448,12.13,1.75
 75.98926,  8.39899,12.13,1.31
 82.16687,  9.96774,12.13,1.81
 76.64158,  8.14679,12.13,0.77
 79.14471,  6.71114,12.13,1.17
 79.78322,  8.90875,12.13,1.87
 81.98048,  8.56885,12.14,1.57
 77.52740,  8.35975,12.14,1.52
 80.58348,  6.45773,12.14,0.88
 77.91097,  6.68675,12.14,0.71
 79.14502,  8.24189,12.14,2.01
 81.21290, 11.10040,12.14,1.86
 80.14547,  6.15217,12.14,0.68
 79.52255, 10.03969,12.14,0.95
 76.85012,  8.78875,12.14,1.27
 80.06063, 10.31092,12.14,0.97
 80.07687,  8.48435,12.14,2.46
 76.71116,  7.80165,12.14,0.86
 76.59143,  6.50062,12.14,0.88
 79.50013, 11.79776,12.14,1.05
 81.21303, 10.67392,12.14,1.79
 79.61539,  9.79589,12.14,1.17
 81.90925,  9.85276,12.14,0.87
 79.79018, 11.49428,12.14,0.83
 77.60023, 10.00636,12.14,0.75
 77.68140,  8.38100,12.15,0.98
 80.84663,  8.70041,12.15,1.57
 82.82946,  9.28268,12.15,0.31
 82.17122, 10.68482,12.15,0.72
 77.75598,  8.81989,12.15,1.03
 77.87689,  7.77703,12.15,0.96
 76.07916,  7.98459,12.15,0.75
 78.63749, 10.18461,12.15,1.77
 77.96808,  6.65185,12.15,0.83
 78.85967, 12.03597,12.15,2.02
 80.27047, 10.23327,12.15,0.89
 77.71862,  9.39252,12.15,1.35
 79.26940,  9.93338,12.15,1.22
 81.32832,  8.90997,12.15,1.87
 77.64456,  9.85265,12.15,0.96
 79.02668,  7.43143,12.15,1.02
 79.73408,  5.10421,12.15,0.75
 79.33140,  8.07921,12.15,0.92
 82.01812,  9.58981,12.15,0.71
 77.87453,  6.38477,12.15,0.72
 82.01421, 10.39902,12.15,0.75
 80.31972, 11.01103,12.15,0.53
 81.52809, 10.25957,12.15,1.53
 78.22672,  5.80836,12.15,1.24
 79.91336,  6.92442,12.15,1.31
 81.80930,  7.04939,12.15,0.83
 78.14221, 11.25845,12.15,1.72
 77.20192,  9.35229,12.15,1.37
 81.91979,  7.07439,12.15,1.42
 81.80888, 10.67692,12.15,0.90
 81.50814,  8.85885,12.15,0.98
 80.84292, 11.02062,12.16,1.87
 83.15410,  6.99288,12.16,1.36
 78.39432,  8.21207,12.16,0.22
 82.43045, 10.64344,12.16,1.42
 79.85397, 11.20322,12.16,1.03
 78.28998, 11.17697,12.16,1.80
 82.62841,  8.31442,12.16,0.81
 77.99379,  6.62310,12.16,1.14
 79.69747, 11.16561,12.16,1.53
 82.28320,  6.97616,12.16,1.38
 83.04433,  7.80602,12.16,0.79
 80.62410,  9.74275,12.16,1.54
 82.59154,  9.04105,12.16,0.54
 80.23231,  7.57967,12.16,2.72
 81.93814, 10.31398,12.16,0.98
 77.69159, 11.43749,12.16,1.40
 78.36523,  7.64638,12.16,1.35
 79.57791,  4.80764,12.16,0.81
 82.32531,  8.66843,12.16,1.71
 78.27427,  8.85875,12.16,1.53
 81.74975,  7.40930,12.16,1.88
 82.11418, 10.32923,12.16,0.79
 76.45513,  8.62656,12.16,1.30
 77.77579,  7.11803,12.16,0.79
 77.45175,  6.57809,12.17,0.33
 81.13739,  7.28600,12.17,1.66
 79.10532, 10.36589,12.17,0.89
 77.66307,  5.90723,12.17,1.48
 79.72552,  6.33291,12.17,0.68
 82.05532,  9.70067,12.17,1.08
 82.26614, 11.02368,12.17,0.77
 80.81835,  9.77547,12.17,1.60
 77.38442,  8.94542,12.17,0.83
 80.40489,  6.81632,12.17,0.87
 78.97091,  7.60207,12.17,0.65
 76.45426,  7.41113,12.17,0.74
 81.73959,  9.39926,12.17,1.39
 80.44304,  7.24284,12.17,0.97
 81.94881, 11.26698,12.17,1.39
 79.94568, 11.36136,12.17,0.68
 80.05922,  6.64957,12.17,1.32
 78.51466,  5.57513,12.17,0.70
 76.74471,  7.80255,12.17,0.68
 80.70153,  6.22051,12.17,0.77
 76.23099,  7.65394,12.17,0.73
 79.23555, 10.49032,12.17,2.02
 80.01848,  4.86104,12.17,0.84
 77.99570,  6.32360,12.17,0.54
 77.62282,  9.55779,12.17,0.90
 78.55952,  7.58135,12.17,0.89
 76.94641,  7.41659,12.17,1.28
 79.99295,  9.41209,12.17,1.66
 78.66295,  8.66162,12.17,1.76
 81.49670,  8.17939,12.17,0.78
 81.61208,  8.01883,12.17,1.56
 82.33945,  9.97142,12.18,1.44
 77.87106,  9.28706,12.18,0.81
 76.07334,  8.13848,12.18,0.71
 78.79890,  6.41525,12.18,0.79
 79.80756,  7.40073,12.18,0.94
 78.61625, 10.44554,12.18,0.89
 76.08108,  9.72574,12.18,1.37
 82.23781, 10.16515,12.18,1.08
 82.57356, 10.68256,12.18,0.46
 80.56133,  5.89269,12.18,0.78
 82.87009,  8.40214,12.18,0.95
 77.34986, 10.59062,12.18,1.03
 78.00918, 11.61802,12.18,1.14
 81.57542,  9.01664,12.18,2.31
 77.61288,  7.02578,12.18,1.77
 79.70170,  6.80866,12.18,1.22
 80.87111,  7.44789,12.18,1.29
 77.11722,  8.92685,12.18,0.71
 82.02704,  6.52301,12.19,1.88
 80.35972, 11.32082,12.19,1.56
 80.23624, 10.13343,12.19,1.75
 80.02536,  6.59594,12.19,1.19
 81.35013,  8.74856,12.19,1.23
 77.96853,  9.89836,12.19,1.40
 76.36782,  6.24429,12.19,0.72
 79.84253,  7.33587,12.19,1.11
 76.95240, 10.37857,12.19,0.85
 77.71006,  7.43709,12.19,0.86
 82.71815,  9.90116,12.19,0.88
 81.03208,  7.51540,12.19,1.30
 78.43643,  6.54365,12.19,1.33
 79.74423,  6.79573,12.19,1.18
 82.45169,  8.11879,12.19,0.40
 78.59188,  7.96144,12.19,0.80
 78.40440,  7.13193,12.19,1.44
 80.36578,  8.03430,12.19,0.96
 82.65172,  7.41999,12.19,0.86
 77.76869,  6.70624,12.19,0.52
 80.22487,  7.32808,12.19,0.92
 82.69990, 10.78951,12.19,1.38
 81.58690, 10.53727,12.19,1.00
 77.39082, 11.09921,12.19,2.15
 76.18125,  7.07385,12.19,1.02
 78.68942,  5.18840,12.19,1.52
 76.93225,  9.99862,12.19,1.04
 77.00222,  8.52464,12.19,1.28
 80.87837, 10.31014,12.19,1.62
 77.29359,  7.96296,12.19,1.27
 77.50919,  7.27115,12.19,0.90
 82.84752,  8.31975,12.19,1.02
 80.19962,  6.41362,12.20,1.18
 81.78685, 10.40848,12.20,1.56
 80.99851,  6.85303,12.20,2.93
 79.13016, 10.23314,12.20,1.52
 79.82251, 11.17888,12.20,1.03
 82.14905,  7.79194,12.20,0.76
 78.47330,  7.32325,12.20,1.23
 77.96548,  7.70474,12.20,0.97
 78.21493,  9.92980,12.20,3.13
 81.15650,  5.55293,12.20,1.60
 78.02499, 10.72636,12.20,0.90
 79.36132,  6.83907,12.20,1.40
 77.06169,  7.87171,12.20,1.44
 79.82169, 10.68450,12.20,1.82
 81.74631,  8.05902,12.20,1.47
 77.31800,  7.46648,12.20,0.88
 78.44798,  6.57344,12.20,0.81
 77.76586,  9.73797,12.20,0.85
 76.84870,  9.25803,12.20,0.75
 77.78199,  9.34622,12.20,0.78
 79.41786,  6.74786,12.20,0.78
 76.62803, 10.49566,12.20,1.46
 78.65032,  5.35864,12.20,1.53
 80.02047, 10.19928,12.20,1.56
 78.36715,  7.27428,12.20,1.35
 78.54079, 11.83524,12.20,1.98
 83.05822,  8.35743,12.20,0.91
 81.02233,  8.58560,12.20,1.61
 82.98994,  7.82348,12.21,0.74
 80.71143,  6.68073,12.21,1.54
 80.76874,  5.75422,12.21,1.33
 80.82021,  9.62608,12.21,1.39
 76.68468, 10.58089,12.21,0.86
 78.54577,  8.37062,12.21,1.35
 76.80734,  7.01327,12.21,1.62
 78.69948,  8.55666,12.21,0.87
 79.87339,  8.76594,12.21,1.89
 79.01664,  5.71422,12.21,0.50
 80.62818,  7.92139,12.21,0.83
 78.96636,  8.00532,12.21,0.85
 76.77543,  9.72026,12.21,0.84
 77.65424,  6.76612,12.21,1.45
 80.31929,  8.73316,12.21,1.11
 79.25546,  5.20421,12.21,0.70
 83.14196,  7.24795,12.21,0.58
 80.77556, 10.03269,12.21,1.79
 76.79545,  9.88384,12.21,0.93
 82.33582,  7.85806,12.21,0.92
 76.58048,  7.04375,12.21,0.28
 81.35958, 10.98817,12.21,0.99
 76.62289,  7.45708,12.21,0.82
 76.44386,  9.16787,12.21,0.86
 80.67612,  5.17966,12.22,1.43
 78.11352,  7.19772,12.22,0.75
 80.12930,  4.93164,12.22,2.07
 82.58423,  7.12131,12.22,0.65
 77.05006, 10.14562,12.22,1.05
 80.64726,  5.71077,12.22,1.39
 78.02439,  8.97377,12.22,0.00
 82.12967, 11.17533,12.22,0.92
 82.43381, 10.43604,12.22,1.51
 81.72911, 10.63970,12.22,0.82
 77.28153, 10.75139,12.22,0.94
 80.76424,  9.96579,12.22,1.81
 80.49162,  5.19512,12.22,1.32
 81.21062,  5.92053,12.22,1.55
 78.19710,  6.88589,12.22,0.93
 82.61090,  9.20577,12.22,0.82
 82.22068,  9.41459,12.22,0.85
 82.94338,  8.83469,12.22,1.51
 77.05610, 10.75639,12.22,1.45
 79.44713, 10.15393,12.22,0.83
 78.70517,  7.24828,12.22,0.82
 76.42282,  6.46519,12.22,0.88
 82.47320,  8.41826,12.22,0.84
 76.60614,  9.99874,12.22,1.20
 75.96707,  8.84053,12.22,1.20
 76.48381,  6.53757,12.22,0.46
 78.45887,  9.33524,12.22,0.64
 79.81682,  8.93759,12.22,1.09
 80.82554,  6.00969,12.22,0.72
 76.51697,  7.15160,12.22,0.75
 76.00431,  9.73113,12.22,1.29
 78.38125,  7.85913,12.22,0.77
 77.75905,  6.49497,12.22,0.87
 81.29396, 10.95264,12.22,1.69
 78.76885,  8.78355,12.23,1.33
 79.86489,  6.37677,12.23,0.43
 78.54607,  7.15885,12.23,1.39
 77.03565,  7.30870,12.23,0.84
 78.11440,  5.75492,12.23,1.40
 79.87649,  5.35083,12.23,0.79
 77.35581,  7.44427,12.23,1.46
 78.22388,  7.54274,12.23,0.87
 79.45880,  5.11969,12.23,1.52
 81.59874,  7.16593,12.23,0.88
 80.75590,  9.58308,12.23,0.76
 77.21543, 11.04502,12.23,1.35
 79.44139,  6.52948,12.23,1.25
 82.56676,  7.97811,12.23,1.15
 81.73114,  7.55402,12.23,1.53
 82.51447, 10.47374,12.23,1.33
 80.77257,  7.49036,12.23,0.74
 79.90369,  6.68869,12.23,0.78
 79.27761,  6.90961,12.23,1.25
 77.97697,  6.49894,12.23,0.97
 77.46649, 10.33015,12.23,1.59
 82.21436,  6.59566,12.23,1.08
 79.41130, 10.44359,12.23,1.06
 79.61270,  5.37426,12.24,0.83
 81.02796,  8.07075,12.24,1.05
 81.71173,  9.98224,12.24,0.86
 78.00414,  7.63738,12.24,0.88
 78.67504,  8.61970,12.24,0.95
 77.61455,  8.41039,12.24,0.91
 76.92358,  7.63618,12.24,0.77
 76.16844,  8.95863,12.24,0.95
 81.69286,  7.86557,12.24,0.98
 80.24879,  9.72885,12.24,1.75
 82.09475, 10.42896,12.24,1.13
 78.76538,  5.56106,12.24,0.74
 79.89314,  5.02045,12.24,1.34
 78.02701, 10.36111,12.24,0.92
 82.62945,  8.56516,12.24,1.49
 78.37690, 11.87795,12.24,0.98
 77.18480, 10.68655,12.24,1.62
 76.13591,  9.20115,12.24,1.25
 78.15128,  8.59026,12.24,0.79
 77.83044,  9.34324,12.24,0.98
 78.48762,  6.52063,12.24,1.12
 78.18362,  9.95919,12.24,0.86
 80.45354,  6.27664,12.24,0.97
 82.76136,  7.69643,12.24,0.87
 79.55338,  8.33217,12.24,1.28
 82.22119, 10.75322,12.24,1.45
 80.29426,  5.39981,12.24,0.88
 80.39896,  6.53105,12.24,0.88
 79.32047, 10.16934,12.24,0.91
 77.54691, 11.16289,12.24,1.91
 77.36128,  7.60908,12.24,1.01
 80.81354,  7.50964,12.25,1.81
 76.44291,  8.63892,12.25,1.25
 82.96385,  7.40864,12.25,0.68
 77.63218,  7.21227,12.25,0.75
 80.63986,  8.68193,12.25,1.92
 75.83936,  9.75758,12.25,0.93
 79.76221, 10.60591,12.25,1.48
 79.27602,  6.75325,12.25,0.66
 77.36224,  6.22950,12.25,0.97
 80.73704,  5.15791,12.25,1.40
 76.62049,  7.48967,12.25,1.15
 81.96450,  7.46573,12.25,0.62
 77.25941, 10.48673,12.25,0.94
 78.98709,  5.28952,12.25,0.71
 80.78051, 11.05552,12.25,0.97
 81.27982, 10.84732,12.25,1.09
 82.17689,  7.40268,12.25,0.85
 83.07015,  7.53164,12.25,1.78
 81.40229, 10.82354,12.25,1.46
 78.06931,  5.87865,12.25,0.79
 79.01000,  8.96530,12.25,1.61
 80.44538,  7.23522,12.26,1.70
 76.73393,  7.66839,12.26,0.68
 77.56955, 10.24906,12.26,0.90
 76.63636, 10.33167,12.26,0.79
 78.84664,  5.10036,12.26,0.78
 82.80842,  7.93901,12.26,1.03
 80.09985,  5.69589,12.26,0.86
 80.95011,  6.32143,12.26,1.05
 81.45862,  6.30852,12.26,1.43
 77.83786,  9.09216,12.26,0.92
 79.83034, 12.14805,12.26,0.81
 82.39561, 10.52032,12.26,0.88
 80.10056,  8.50764,12.26,1.56
 81.76055, 10.06578,12.26,1.43
 81.59495,  8.03448,12.26,0.91
 82.76455,  9.88632,12.26,0.82
 79.26783, 10.29507,12.26,0.91
 82.17725, 10.94919,12.26,0.97
 79.08782,  6.63297,12.26,1.75
 80.98548,  7.59771,12.26,0.88
 80.51423,  9.87357,12.26,1.59
 77.85823,  8.95275,12.26,1.43
 78.33454,  9.11923,12.26,0.89
 82.84834,  7.15162,12.26,0.89
 77.94050, 10.53060,12.26,1.33
 78.98787,  7.38991,12.26,0.84
 77.71416,  6.31446,12.27,0.80
 81.77105,  9.83855,12.27,1.05
 77.55732,  6.60101,12.27,1.27
 81.31460,  8.54109,12.27,1.40
 77.51193, 10.16276,12.27,1.47
 76.98735, 10.84897,12.27,0.59
 78.41666,  6.74652,12.27,0.25
 82.59097, 10.42394,12.27,0.82
 79.06796,  5.12864,12.27,1.45
 78.38258,  8.29975,12.27,0.69
 77.23823,  8.11848,12.27,1.15
 80.46670,  7.46340,12.27,0.80
 79.64249,  7.82918,12.27,1.03
 78.83149,  7.70616,12.27,0.73
 78.01508,  8.87563,12.27,0.48
 80.03308,  4.86502,12.27,1.52
 76.27595,  6.72889,12.27,0.88
 78.90829, 12.20860,12.27,1.10
 82.64222,  9.21045,12.27,0.86
 79.71934,  6.24917,12.27,1.32
 77.29759,  6.80223,12.27,0.85
 81.01945,  5.78742,12.27,1.27
 77.35319,  9.89361,12.27,0.84
 78.86398, 12.20323,12.27,0.52
 82.88511,  6.85720,12.27,1.39
 80.36568, 11.71716,12.27,1.76
 80.94657, 11.59095,12.28,2.18
 80.14165,  6.13563,12.28,0.65
 80.62294,  9.54076,12.28,0.96
 77.45668, 11.13241,12.28,0.87
 80.63358,  5.33180,12.28,0.39
 81.82992,  6.88664,12.28,1.07
 81.24495, 11.13068,12.28,1.07
 81.15406, 11.40248,12.28,1.77
 80.17560,  5.20441,12.28,1.26
 76.73249,  8.02680,12.28,0.76
 80.93747,  7.75851,12.28,0.91
 76.28653,  6.31726,12.28,1.00
 77.74126,  8.12136,12.28,1.07
 80.50161, 11.65275,12.28,1.12
 79.03348,  7.46815,12.28,1.06
 79.22502, 11.05035,12.28,1.70
 80.84872,  9.24782,12.28,0.90
 76.64964,  9.96848,12.28,0.73
 79.07292, 12.22816,12.28,0.81
 81.56920,  9.02359,12.28,0.95
 77.68784,  8.09188,12.28,1.51
 82.01674, 10.29402,12.28,0.76
 79.49117, 10.35922,12.28,1.67
 79.01071,  7.41120,12.28,1.90
 78.65158,  7.44108,12.28,0.76
 80.50230,  6.63437,12.28,1.33
 76.75673,  7.89882,12.28,0.71
 78.70554, 11.30874,12.28,1.21
 81.88941,  9.47182,12.28,0.89
 82.79564,  7.65203,12.28,1.46
 77.51412,  6.60719,12.29,0.84
 76.68143,  9.08322,12.29,1.64
 77.80186,  6.92189,12.29,0.64
 76.08599,  8.25224,12.29,0.57
 79.51789,  7.24189,12.29,0.79
 80.49017,  9.25529,12.29,1.02
 78.28217, 10.53033,12.29,0.87
 82.63156,  7.24053,12.29,1.43
 80.12732, 10.83178,12.29,1.10
 77.90983,  6.57539,12.29,0.46
 77.63507,  6.40064,12.29,0.72
 81.02724,  8.06076,12.29,0.97
 78.60317,  7.88734,12.29,1.34
 80.48966,  9.64667,12.29,1.00
 77.90972,  6.58251,12.29,0.68
 79.31274,  8.35578,12.29,0.99
 81.56830,  7.56610,12.29,1.97
 81.13185,  8.49437,12.29,1.04
 78.50729,  7.80224,12.29,0.80
 78.14133,  8.64622,12.29,1.32
 82.28821,  7.04810,12.29,0.72
 78.70216, 10.65223,12.29,0.85
 79.54922, 11.87197,12.29,1.94
 79.09991,  8.11175,12.29,0.93
 77.09809, 10.91046,12.29,0.97
 77.36884,  8.55939,12.29,0.94
 76.39507,  9.63621,12.29,0.84
 81.42488,  9.22887,12.29,0.00
 78.55034,  5.89977,12.29,0.59
 77.71503,  7.93207,12.29,0.72
 82.82996,  8.91673,12.29,1.01
 82.70339,  6.79666,12.30,1.09
 79.21293,  8.72150,12.30,1.20
 76.71095,  9.25330,12.30,0.72
 79.51056,  6.59305,12.30,0.78
 78.31003,  6.60646,12.30,1.52
 79.25172,  6.84674,12.30,1.36
 76.87450,  7.62035,12.30,0.81
 79.10520,  6.65663,12.30,0.62
 81.55646, 10.79596,12.30,0.97
 79.64685, 12.04459,12.30,1.10
 79.90770,  4.76656,12.30,0.81
 81.81754,  6.13183,12.30,0.88
 82.36576,  7.20424,12.30,1.46
 78.04358,  8.97391,12.30,0.78
 77.14580, 10.01726,12.30,0.49
 79.50654, 11.94428,12.30,1.16
 77.07030,  6.67594,12.30,1.31
 76.91043,  8.03574,12.30,0.58
 81.66565,  6.88844,12.30,1.82
 79.87044,  6.30871,12.30,0.84
 82.17493,  8.69344,12.30,0.69
 80.29693,  6.91792,12.30,1.65
 81.25410,  7.05988,12.30,1.10
 79.47392,  5.39186,12.30,0.72
 82.26756,  6.94197,12.30,1.01
 80.77538,  7.39654,12.30,1.61
 80.94080,  7.09929,12.30,1.12
 76.99890,  9.67423,12.30,1.43
 78.03641,  7.24513,12.30,1.50
 79.76971,  8.32159,12.30,1.12
 77.15074,  6.18484,12.31,0.77
 81.55656,  6.66265,12.31,1.02
 82.15347,  7.12248,12.31,1.38
 76.27865,  9.33638,12.31,0.90
 79.32540, 10.75396,12.31,1.10
 80.22525,  7.01869,12.31,2.00
 76.99869,  8.60512,12.31,0.60
 77.25062,  6.68567,12.31,0.81
 82.72263,  8.44120,12.31,0.83
 78.83115,  6.40686,12.31,0.43
 78.84492,  8.78760,12.31,1.64
 79.32294,  6.28477,12.31,0.87
 80.48857,  7.68210,12.31,2.02
 82.83175,  7.40592,12.31,0.99
 77.48575,  8.46185,12.31,1.26
 77.72949, 10.03156,12.31,0.67
 82.33473,  8.20916,12.31,1.12
 78.98129, 12.29767,12.31,1.22
 77.07989, 10.90303,12.31,0.90
 80.98744,  9.07616,12.31,1.80
 80.21753,  5.58697,12.31,0.81
 78.81290,  9.94799,12.31,1.43
 80.11032,  5.61121,12.31,0.92
 76.25461,  7.66103,12.31,1.29
 82.14602,  7.25468,12.31,1.07
 79.71495,  6.54009,12.31,0.54
 82.99305,  7.07238,12.31,0.61
 78.07767, 10.58336,12.31,0.91
 77.71357,  8.85561,12.31,0.83
 78.61875,  7.20987,12.32,1.19
 79.00431,  5.03497,12.32,1.43
 77.95756,  6.72783,12.32,1.46
 78.36499,  8.21241,12.32,1.30
 77.62609,  5.70558,12.32,0.54
 78.13854,  5.49127,12.32,1.22
 79.85665, 11.43699,12.32,1.16
 75.97306,  9.34179,12.32,1.19
 77.51819,  8.93138,12.32,0.69
 78.57259,  6.65664,12.32,0.63
 82.73411, 10.24998,12.32,1.41
 79.18752, 10.39818,12.32,1.86
 76.47705,  8.83844,12.32,1.33
 82.58615,  7.80208,12.32,0.00
 80.30469, 11.81265,12.32,1.07
 79.33462,  6.50145,12.32,0.79
 81.56276,  8.22535,12.32,0.49
 80.19018, 11.69057,12.32,1.19
 77.77040,  8.98170,12.32,0.76
 81.84472, 11.03965,12.32,0.84
 78.69387,  7.38427,12.32,1.11
 80.70988,  9.95283,12.32,2.52
 78.74776, 10.18904,12.32,1.05
 83.18811,  7.09498,12.32,0.95
 79.27675,  8.44720,12.32,1.64
 76.60089,  7.89448,12.32,1.34
 79.66451,  8.64689,12.32,1.84
 81.08391,  5.95230,12.32,0.81
 77.86238,  6.84962,12.32,1.14
 77.02599,  6.43134,12.32,0.41
 83.05246,  7.08719,12.32,1.41
 82.77044, 10.14900,12.32,1.49
 79.94410,  8.15026,12.32,1.97
 77.09050,  8.31001,12.32,0.96
 80.10102,  5.14204,12.32,0.42
 78.13331,  7.61265,12.32,1.08
 78.36255,  5.71315,12.33,0.74
 81.06685,  9.33913,12.33,0.77
 78.38325,  8.18169,12.33,1.39
 82.50802, 10.14990,12.33,1.85
 76.55583, 10.04823,12.33,0.76
 78.27337,  7.26479,12.33,1.90
 82.50086,  7.29426,12.33,1.46
 76.54209, 10.05649,12.33,1.05
 81.36897,  7.63753,12.33,1.95
 80.79845,  8.73112,12.33,1.49
 78.91597,  7.76762,12.33,1.25
 81.82971,  8.02459,12.33,1.45
 80.81467, 11.45590,12.33,1.01
 82.52711,  8.45136,12.33,0.52
 79.36032,  8.74046,12.33,1.04
 80.33379,  8.19351,12.33,1.35
 81.61948,  7.15692,12.33,1.62
 80.30025,  8.73380,12.33,0.96
 82.29854,  8.05111,12.33,0.67
 78.97127,  9.55467,12.33,1.42
 78.37061,  6.54280,12.33,0.87
 80.89974, 10.16665,12.33,1.18
 78.18689, 10.25288,12.33,1.17
 80.27999, 11.27771,12.33,1.78
 80.30980,  6.62884,12.33,1.10
 81.09898,  7.60667,12.33,0.87
 81.41042,  8.50976,12.33,1.62
 79.14383,  9.25341,12.33,0.94
 82.53202,  6.99180,12.34,0.90
 82.42033, 10.27805,12.34,1.47
 77.58626,  8.15711,12.34,0.89
 77.12173,  8.48368,12.34,0.93
 79.55870, 11.08945,12.34,1.17
 79.34097,  5.79807,12.34,1.06
 81.35580,  7.07388,12.34,1.37
 78.16521, 11.01646,12.34,0.96
 76.27345,  9.87314,12.34,1.29
 77.02614,  6.43129,12.34,0.42
 82.76156,  9.16445,12.34,1.18
 82.73080, 10.52804,12.34,1.51
 80.97229,  5.64659,12.34,1.46
 76.77277,  7.63746,12.34,2.15
 77.20728,  9.10543,12.34,0.64
 79.45961, 10.68438,12.34,0.90
 80.84494,  5.64959,12.34,1.83
 80.97559,  6.35337,12.34,0.95
 77.81022,  9.32195,12.34,1.43
 76.30775,  7.87742,12.34,0.91
 78.60401,  5.95075,12.34,0.96
 79.01766,  6.82386,12.34,0.67
 82.40101,  9.64978,12.34,1.39
 80.97147,  8.46889,12.34,0.93
 77.68824,  7.66989,12.34,0.99
 77.39218,  9.58646,12.34,1.06
 78.40270,  9.11068,12.34,1.49
 78.70707,  5.67622,12.34,1.39
 76.31251,  6.18052,12.34,0.77
 80.07824,  8.92851,12.34,1.94
 78.77054,  5.27142,12.34,0.67
 79.65985,  6.38542,12.34,0.73
 81.86072,  6.91978,12.34,0.92
 81.02744,  8.24959,12.34,0.97
 80.05898,  5.77546,12.35,1.37
 79.05490,  9.65063,12.35,1.23
 78.46469,  6.23688,12.35,0.81
 78.57940,  8.60967,12.35,1.41
 80.50502,  9.07278,12.35,1.02
 82.28678,  9.21546,12.35,1.15
 80.24775,  5.49883,12.35,1.22
 80.14401,  5.80346,12.35,0.19
 78.43180,  6.12711,12.35,0.71
 78.67281,  5.30881,12.35,0.83
 78.63754,  6.57250,12.35,0.54
 78.23313, 11.25288,12.35,1.36
 81.30913,  5.81233,12.35,1.10
 80.19108,  5.00555,12.35,0.84
 79.96566,  6.09506,12.35,1.33
 80.66391, 11.41433,12.35,1.03
 79.66174,  5.30444,12.35,0.92
 78.69672,  8.73132,12.35,1.42
 76.19874,  8.72928,12.35,0.71
 79.36490,  9.27043,12.35,1.73
 79.35823,  7.00704,12.35,1.36
 80.64340,  6.76984,12.35,1.80
 77.76742,  8.98941,12.35,0.59
 79.71884,  6.81529,12.35,1.51
 79.89326,  6.38942,12.35,0.77
 81.05801,  8.90779,12.35,1.01
 78.68863, 10.79546,12.35,0.89
 81.57277,  8.13669,12.35,2.31
 78.44389, 11.23316,12.35,1.09
 79.68741,  4.74671,12.35,0.80
 81.20988, 10.23991,12.35,1.99
 76.83050,  9.83368,12.35,0.83
 78.00915,  6.90844,12.36,1.24
 82.13000, 11.02418,12.36,1.56
 80.94960,  7.55896,12.36,0.94
 81.43086,  8.88996,12.36,0.90
 77.20969,  8.05622,12.36,0.86
 78.24613,  9.43048,12.36,0.67
 79.25863, 10.04611,12.36,1.76
 77.54242,  8.96077,12.36,1.02
 79.62122,  9.13952,12.36,1.14
 76.99984,  9.13345,12.36,1.28
 82.73543,  7.59695,12.36,0.95
 79.82609, 10.88095,12.36,2.20
 79.76543,  4.87238,12.36,1.35
 81.55786,  9.10696,12.36,1.21
 82.24193,  6.31920,12.36,0.92
 81.60972, 10.00159,12.36,1.62
 78.21641,  5.57647,12.36,0.67
 77.94610, 10.43471,12.36,1.04
 81.89525,  9.36224,12.36,0.87
 78.21178,  7.19354,12.36,1.41
 76.92774,  7.10317,12.36,1.25
 82.36540,  7.06645,12.36,2.25
 77.88971,  7.00713,12.36,0.36
 77.67174,  6.34525,12.36,0.87
 80.00922,  5.06869,12.36,1.33
 78.50914,  7.48658,12.37,0.84
 79.82869,  6.29464,12.37,0.73
 81.08401, 11.48578,12.37,1.69
 76.93281,  9.56653,12.37,0.77
 77.47019,  7.99841,12.37,0.65
 77.09742, 10.27474,12.37,1.04
 78.38459, 11.76899,12.37,1.10
 77.98116, 10.27657,12.37,0.69
 81.02157, 10.30404,12.37,1.18
 78.83637,  7.01944,12.37,0.88
 80.51212,  5.67005,12.37,0.45
 78.14832, 10.28408,12.37,1.52
 81.26423,  9.05084,12.37,0.91
 82.94024,  9.22336,12.37,0.92
 76.51722,  8.50265,12.37,0.44
 79.52187, 11.83568,12.37,1.87
 81.94412, 11.07236,12.37,0.86
 82.47809,  7.17951,12.37,0.75
 77.97182,  9.52065,12.37,0.90
 77.63140,  8.88487,12.37,0.91
 79.68013, 11.32740,12.37,0.96
 81.28825,  5.56790,12.37,1.62
 77.95602,  5.97015,12.37,1.40
 81.01893, 11.46016,12.38,1.23
 78.86734, 11.94598,12.38,1.00
 78.50372,  6.84792,12.38,0.74
 77.57147,  9.54847,12.38,0.74
 76.73608,  7.49575,12.38,1.46
 82.02188, 10.59024,12.38,1.79
 76.33905,  7.48781,12.38,0.70
 77.74410,  6.83636,12.38,1.27
 82.34328,  9.06164,12.38,0.95
 79.33519, 11.18205,12.38,1.16
 76.28373,  6.49770,12.38,1.32
 79.85428,  9.64760,12.38,0.87
 79.93480,  8.63426,12.38,1.38
 78.83542,  6.78032,12.38,0.69
 77.42222,  9.49438,12.38,1.33
 78.66677,  6.41535,12.38,0.64
 80.21264,  9.34454,12.38,0.78
 76.93975,  7.25554,12.38,1.26
 80.74449,  8.68408,12.38,1.74
 75.92091,  9.00889,12.38,1.22
 79.69771,  5.90468,12.38,1.29
 78.39850, 10.38608,12.38,1.76
 80.51527,  5.47672,12.38,1.36
 76.20548,  8.92564,12.38,0.61
 81.40604,  9.96217,12.38,1.39
 80.34338,  5.90840,12.38,1.32
 78.36973, 10.32374,12.38,1.49
 76.86046,  8.73064,12.38,0.98
 81.62037,  9.67507,12.38,1.71
 76.38976,  9.69123,12.38,1.13
 78.52863, 10.81504,12.38,1.00
 80.10460,  6.68104,12.38,0.70
 77.45754,  6.49272,12.38,1.32
 80.46995,  5.00389,12.38,1.90
 80.28193, 11.46945,12.38,1.25
 82.37292, 10.22818,12.39,0.87
 79.65944,  9.98771,12.39,1.14
 78.73178,  5.91728,12.39,0.83
 82.37711,  9.11544,12.39,0.96
 78.26280,  6.70447,12.39,0.97
 79.49701,  9.80248,12.39,1.02
 82.99800,  8.77216,12.39,1.40
 79.10174,  5.02706,12.39,0.94
 77.07213,  9.98059,12.39,0.93
 82.65827,  6.92811,12.39,0.96
 78.16392,  6.73138,12.39,0.77
 79.63274,  9.50928,12.39,1.46
 80.17469,  5.63035,12.39,0.92
 81.31609,  7.65242,12.39,1.45
 79.83761, 10.06390,12.39,1.05
 80.42288,  9.43497,12.39,1.06
 78.77833, 10.21454,12.39,1.97
 81.89005,  5.97431,12.39,0.76
 81.38647,  7.40856,12.39,0.68
 78.60053,  7.12275,12.39,0.88
 79.27315, 11.75236,12.39,1.06
 79.65787,  9.83674,12.39,0.94
 76.50421,  9.35010,12.39,1.15
 81.60990,  7.96673,12.39,1.47
 79.78144,  9.30026,12.39,1.62
 77.68460,  7.79935,12.39,1.11
 78.76890,  8.66756,12.39,1.34
 80.55471, 11.10956,12.39,0.99
 82.04788, 10.25073,12.39,1.95
 81.46301,  7.59350,12.39,1.60
 78.98544, 10.65978,12.39,0.83
 79.81701,  6.03479,12.39,0.62
 80.89332,  5.82141,12.39,0.00
 77.26631,  7.86931,12.39,1.04
 79.29390, 12.07163,12.39,1.22
 82.17285,  7.76259,12.40,0.72
 77.25261,  9.90901,12.40,0.86
 81.64122, 10.25986,12.40,0.98
 77.77307,  9.66329,12.40,0.94
 77.40087,  9.51541,12.40,0.74
 77.85703,  9.15866,12.40,1.24
 78.46947,  6.27431,12.40,0.73
 79.97815,  9.72778,12.40,2.30
 82.27361,  6.57706,12.40,1.61
 78.87399,  6.75543,12.40,0.74
 79.38365,  4.98312,12.40,1.06
 77.49308,  7.88792,12.40,0.96
 79.06555, 11.97233,12.40,1.03
 80.03777,  8.72788,12.40,1.22
 80.29825, 10.32890,12.40,0.99
 77.76998,  6.60884,12.40,0.75
 81.44253,  8.23902,12.40,0.88
 79.06446,  7.88414,12.40,0.87
 81.16783,  8.91175,12.40,1.46
 81.47749,  6.11861,12.40,2.22
 76.54276, 10.39992,12.40,1.44
 76.46936, 10.47947,12.40,1.24
 78.83077,  7.18334,12.40,1.15
 80.44662,  7.99757,12.40,2.03
 79.40251,  9.10240,12.40,0.97
 79.47247,  5.08088,12.40,0.75
 77.27900,  7.80121,12.41,0.94
 82.53196,  8.38872,12.41,0.55
 81.73767,  9.49496,12.41,1.51
 82.69356,  9.20790,12.41,1.85
 79.75783, 10.48026,12.41,0.89
 82.09437,  6.47341,12.41,1.88
 78.82101, 10.43853,12.41,1.65
 82.30676,  7.16913,12.41,0.68
 76.74427,  8.46157,12.41,1.36
 82.24241,  6.69377,12.41,1.60
 82.13635,  6.89911,12.41,0.93
 79.42024, 10.11067,12.41,0.94
 81.77255, 10.33502,12.41,1.57
 77.98301,  6.00697,12.41,1.20
 81.71492, 10.97303,12.41,0.84
 80.98825, 11.00958,12.41,1.08
 79.16019,  6.53522,12.41,0.77
 79.87574,  8.91961,12.41,1.58
 79.18462,  7.66978,12.41,1.36
 80.80624,  7.04368,12.41,1.73
 77.19048, 10.93455,12.41,0.91
 76.48680,  6.74786,12.41,0.66
 79.27392,  8.20664,12.41,0.90
 77.69136,  5.88588,12.41,1.14
 79.66312,  6.46259,12.41,0.80
 76.95910,  8.70412,12.41,0.65
 79.94582, 10.86192,12.41,1.14
 78.63061, 10.78894,12.41,1.50
 79.47954,  5.48937,12.41,0.70
 82.07029,  8.98934,12.42,0.99
 82.32266, 10.53594,12.42,0.76
 80.89968,  9.37543,12.42,0.90
 80.15199,  5.36411,12.42,0.30
 81.00213,  5.78390,12.42,0.69
 78.07251, 11.13621,12.42,1.26
 79.26632, 11.52198,12.42,2.61
 79.37958,  5.07741,12.42,0.82
 76.99961,  9.02397,12.42,1.57
 79.11265,  5.66899,12.42,0.85
 82.93382,  7.25315,12.42,1.37
 80.95744,  7.69658,12.42,1.55
 82.21577, 10.95912,12.42,1.02
 79.10171,  7.93761,12.42,0.86
 77.81532,  7.70030,12.42,0.44
 78.99032, 10.71246,12.42,1.65
 77.87161,  9.85023,12.42,1.04
 78.99836,  6.28795,12.42,1.17
 81.31295, 10.50768,12.42,0.86
 78.37564, 11.58354,12.42,2.04
 81.01904,  5.63312,12.42,1.79
 78.10398, 10.13479,12.42,0.89
 81.93530,  7.04408,12.42,0.67
 80.10190,  5.67335,12.42,1.19
 79.65834,  9.33799,12.42,1.82
 80.81057,  8.09412,12.42,1.09
 79.86623,  5.83176,12.42,0.75
 80.20578,  6.11297,12.43,0.78
 78.10573,  6.97787,12.43,0.87
 80.85570,  9.22731,12.43,1.46
 76.51737,  6.99075,12.43,0.79
 76.84740,  7.51374,12.43,1.22
 80.18336,  6.68994,12.43,1.34
 78.57476, 11.65134,12.43,0.96
 79.45964, 10.24464,12.43,1.01
 78.80415,  9.28021,12.43,1.00
 80.68780,  6.34671,12.43,0.75
 76.75896,  8.09478,12.43,1.26
 77.98148, 11.45886,12.43,1.79
 82.01809, 11.05716,12.43,0.34
 82.75193,  9.46140,12.43,1.39
 81.71741,  6.78192,12.43,1.89
 80.21985,  5.14776,12.43,0.58
 80.22894,  5.07345,12.43,1.41
 76.43301,  9.15644,12.43,1.53
 81.48308,  5.90760,12.43,0.35
 80.23463, 11.67454,12.43,0.82
 77.08303, 10.00251,12.43,0.89
 80.03069,  6.60379,12.43,1.32
 77.59947,  7.64964,12.43,0.99
 78.76507,  6.78160,12.43,0.96
 78.63232,  8.59416,12.43,1.45
 82.29641,  8.33684,12.43,0.82
 77.91360,  5.57728,12.43,0.41
 78.70885, 10.93187,12.43,1.80
 79.26382,  6.85225,12.43,0.64
 81.89340,  7.52058,12.43,0.94
 80.73442,  8.30493,12.43,1.64
 82.84834, 10.32728,12.43,0.97
 81.66797, 10.97375,12.43,1.36
 79.10291,  5.19182,12.43,0.88
 77.28956,  7.98079,12.43,1.33
 78.10023, 11.67761,12.43,1.00
 79.93513,  9.46607,12.43,0.92
 79.57699,  5.05714,12.43,0.67
 81.65958,  9.12195,12.44,1.41
 81.85884, 10.56606,12.44,0.86
 79.63305,  8.55411,12.44,1.22
 78.77288,  6.28912,12.44,0.51
 82.28843,  9.98686,12.44,1.23
 79.36428,  7.25944,12.44,0.93
 82.37852,  7.26902,12.44,1.12
 80.90455, 11.12534,12.44,1.00
 78.40176,  9.65738,12.44,1.03
 77.29064, 10.45038,12.44,1.58
 77.97150,  8.56111,12.44,0.89
 77.56404, 10.12368,12.44,0.92
 79.25107,  9.68678,12.44,0.94
 80.75848,  6.04387,12.44,0.72
 78.20129,  8.87125,12.44,0.80
 76.36325,  8.73068,12.44,0.70
 80.05043,  6.61086,12.44,0.83
 77.73198,  8.70306,12.44,0.94
 76.44665,  6.60119,12.44,1.44
 81.92024, 10.41455,12.44,0.84
 77.23345,  6.88514,12.44,0.69
 76.63401,  6.04678,12.44,0.83
 80.06696,  9.76112,12.44,1.65
 82.40837, 10.69913,12.44,1.85
 77.31707,  6.31125,12.44,1.21
 81.31002,  7.76033,12.44,0.91
 81.10307, 10.74774,12.44,1.81
 78.12003,  6.55596,12.45,1.01
 81.00125,  6.84719,12.45,1.59
 80.07516,  5.27560,12.45,1.28
 79.24852,  6.34296,12.45,0.77
 81.55690,  8.27782,12.45,1.08
 80.54268,  9.31232,12.45,1.84
 82.73602,  9.08645,12.45,0.78
 80.77700,  5.88533,12.45,1.04
 79.96072, 12.15526,12.45,2.07
 81.77515, 11.17485,12.45,0.88
 76.51964,  8.38168,12.45,0.77
 79.71148, 11.10070,12.45,1.55
 81.86954,  8.34446,12.45,0.95
 75.91646,  8.96934,12.45,0.84
 78.60681,  6.88463,12.45,0.88
 79.61858,  6.89215,12.45,1.33
 78.94209, 12.37795,12.45,0.94
 76.08168, 10.15939,12.45,0.69
 81.97761, 10.21374,12.45,1.44
 79.13851, 11.97029,12.45,1.00
 78.06866,  7.43157,12.45,1.21
 78.97857,  9.06178,12.45,0.55
 81.30229,  5.80839,12.45,0.84
 79.40272,  9.97779,12.45,1.06
 82.18866,  7.39227,12.45,0.96
 80.39979,  5.19270,12.45,1.57
 79.57038,  9.39416,12.45,1.52
 82.68361,  7.60960,12.45,1.57
 81.03390,  7.98623,12.45,1.52
 78.68114,  7.63807,12.45,1.24
 77.85684,  9.79528,12.45,0.81
 79.50730, 10.30231,12.45,1.01
 79.85044,  6.69236,12.45,0.67
 76.54173,  9.00973,12.45,0.77
 82.22377,  8.32092,12.46,0.99
 80.69343,  8.89691,12.46,0.91
 80.45242,  5.56445,12.46,1.32
 79.98890,  7.11400,12.46,1.92
 78.52008,  9.44188,12.46,0.89
 80.18117,  8.04931,12.46,1.10
 77.97980,  6.41011,12.46,1.24
 81.46429,  9.42394,12.46,0.78
 81.94312,  8.43558,12.46,1.40
 77.48619,  9.16511,12.46,0.48
 82.69857,  8.39886,12.46,0.00
 77.84212, 10.54848,12.46,1.69
 81.63042, 11.07524,12.46,1.01
 78.86706, 10.54859,12.46,1.74
 76.66150,  6.47959,12.46,0.84
 76.41085, 10.17565,12.46,0.96
 79.64686,  6.38722,12.46,1.19
 79.21481, 10.00042,12.46,1.71
 78.14015,  7.88923,12.46,0.64
 82.56365,  8.76586,12.46,0.89
 82.84382,  7.97176,12.46,1.43
 79.13703,  6.14089,12.46,0.87
 82.44454, 10.41079,12.46,1.49
 80.74073,  6.09253,12.46,0.78
 76.75143,  8.78082,12.46,1.31
 80.97116,  5.95778,12.46,1.25
 80.80362, 10.57690,12.46,1.25
 77.65938,  7.15777,12.46,1.48
 81.67750,  8.98431,12.46,1.44
 77.79926,  8.22025,12.46,0.98
 78.66741,  9.68162,12.46,1.84
 76.59967,  6.58160,12.46,0.48
 77.09702,  6.66122,12.46,0.79
 82.13407, 10.68318,12.47,0.85
 82.56158,  9.47707,12.47,0.83
 77.77563,  7.11757,12.47,0.00
 82.68220,  9.33043,12.47,1.72
 80.13153,  5.95670,12.47,1.20
 78.42436, 10.01281,12.47,1.81
 82.67691,  8.16137,12.47,1.57
 79.53479, 11.77352,12.47,1.99
 79.90732, 11.40843,12.47,1.66
 78.90646, 10.55019,12.47,1.67
 81.51821,  8.38216,12.47,0.93
 79.86141,  9.63685,12.47,1.52
 81.42245, 10.96473,12.47,1.67
 80.57323,  5.50982,12.47,1.05
 82.08170,  6.28952,12.47,1.82
 78.87243, 10.68249,12.47,1.01
 79.54807,  5.36679,12.47,0.93
 77.24704,  7.79479,12.47,0.58
 79.93460,  8.31323,12.47,0.96
 79.83308,  5.52495,12.47,1.36
 80.66378, 10.60230,12.47,2.18
 77.44319,  8.57286,12.47,0.82
 77.81081,  6.73576,12.47,0.84
 76.45186,  8.13064,12.47,1.43
 78.58161,  7.87938,12.47,1.54
 80.57685,  6.94617,12.47,0.81
 79.46498,  7.15459,12.47,1.11
 81.51455,  9.92133,12.47,1.47
 78.81371,  5.32722,12.47,0.95
 81.90293,  9.58440,12.47,0.73
 77.72811,  7.31647,12.47,1.25
 81.25373, 10.27742,12.48,0.77
 77.63813,  6.13434,12.48,0.75
 81.44476, 10.63984,12.48,1.00
 80.69729, 11.06115,12.48,1.41
 79.58412, 11.21508,12.48,1.07
 77.78023,  6.47350,12.48,2.37
 81.86551, 10.07919,12.48,0.61
 79.08145,  5.98872,12.48,0.92
 79.65297, 10.16677,12.48,1.63
 82.10721,  8.69171,12.48,0.90
 77.73168,  8.95757,12.48,1.32
 81.75825,  6.63731,12.48,1.73
 76.74236,  8.43117,12.48,1.62
 80.22498,  7.97060,12.48,1.83
 76.86626,  8.14127,12.48,1.36
 81.46284,  9.90872,12.48,0.93
 80.10783,  8.82038,12.48,1.30
 81.25374,  6.06439,12.48,0.80
 76.54599,  8.87621,12.48,0.77
 77.63967,  8.75936,12.48,0.84
 77.81705,  7.94083,12.48,1.46
 81.15473,  8.25287,12.48,1.50
 77.61400,  9.81881,12.48,1.35
 75.98530,  9.00413,12.48,1.25
 77.47156,  9.08811,12.48,0.80
 82.81853,  8.92154,12.48,1.43
 82.13030,  7.72837,12.48,1.81
 78.66244, 10.80444,12.48,1.89
 78.50690,  9.12869,12.49,0.89
 78.61601,  5.64934,12.49,1.23
 77.11422,  8.58101,12.49,1.51
 78.01207,  6.29414,12.49,2.10
 78.96524, 12.08089,12.49,1.88
 77.58437,  8.10715,12.49,0.89
 78.84759,  9.82154,12.49,1.09
 80.98700,  9.78221,12.49,0.68
 76.15752,  7.46917,12.49,0.13
 78.66507, 11.78215,12.49,1.13
 79.36521, 10.64515,12.49,1.03
 77.55243,  6.41400,12.49,0.80
 77.95018, 10.82909,12.49,1.37
 76.79435,  9.40336,12.49,0.86
 80.28832,  6.68801,12.49,0.84
 78.24428,  6.23201,12.49,0.80
 79.91795,  5.70546,12.49,0.97
 82.17066,  7.45999,12.49,1.55
 76.15492,  8.54508,12.49,1.47
 80.99241,  5.55307,12.49,0.78
 80.98710,  8.90148,12.49,0.92
 77.80527,  7.61523,12.49,0.93
 81.58421, 10.80468,12.49,0.85
 78.01591,  9.37580,12.49,0.81
 82.46919, 10.66267,12.49,0.77
 77.53236,  7.05779,12.49,1.41
 77.49147, 11.08741,12.49,1.67
 79.22776,  9.53876,12.49,1.04
 78.12464, 10.60130,12.49,1.47
 80.94813,  5.92395,12.49,0.92
 78.05961,  6.68995,12.49,0.78
 81.42895,  9.25215,12.49,0.79
 80.06893,  6.45850,12.49,0.72
 78.25571,  5.97403,12.49,1.20
 78.77807,  8.99105,12.49,0.76
 81.21012, 10.43231,12.49,0.93
 81.95638,  6.32679,12.49,1.39
 80.56606, 11.55098,12.50,2.30
 81.75086,  9.62825,12.50,1.41
 81.50978, 10.05742,12.50,0.50
 77.27611,  7.87938,12.50,1.32
 82.64022,  7.00815,12.50,1.66
 76.74343, 10.11773,12.50,0.77
 81.63825,  9.77822,12.50,0.91
 78.03512,  8.39281,12.50,0.91
 81.12523, 10.80387,12.50,1.50
 78.63855,  8.12055,12.50,1.36
 77.90205,  5.57436,12.50,0.60
 78.73046,  8.74484,12.50,1.36
 76.43301,  7.60019,12.50,1.16
 81.75514,  8.24590,12.50,0.98
 82.23144,  9.41968,12.50,1.43
 81.20557,  8.29273,12.50,0.96
 83.09712,  7.47353,12.50,0.84
 78.93950,  5.75410,12.50,0.75
 82.84966,  8.18885,12.50,1.50
 78.04674,  9.57613,12.50,1.54
 81.93733,  9.78546,12.50,1.49
 80.72928,  9.96493,12.50,1.74
 76.50720, 10.10211,12.50,0.75
 82.65358,  9.40616,12.50,1.58
 80.28537, 10.41750,12.50,2.59
 77.21196,  6.71280,12.50,0.80
 78.56013,  5.34506,12.51,0.74
 82.72394,  8.48195,12.51,0.75
 78.59880,  5.64615,12.51,0.87
 80.05246,  5.34995,12.51,0.89
 82.78971,  7.60584,12.51,0.79
 81.21800,  8.00218,12.51,1.33
 81.74927,  9.47226,12.51,0.57
 81.46285,  9.90865,12.51,0.93
 79.19742, 11.13542,12.51,0.91
 76.03775,  8.65536,12.51,0.67
 80.77540,  8.46133,12.51,1.17
 80.83589,  6.28907,12.51,0.75
 81.78237, 11.15876,12.51,1.20
 80.16287,  5.37454,12.51,0.50
 82.69672,  8.10804,12.51,2.26
 76.87969,  7.90047,12.51,1.46
 77.15796,  7.91523,12.51,1.36
 79.84095,  8.51263,12.51,1.76
 82.60430,  7.65828,12.51,1.34
 76.32305,  9.59435,12.51,1.28
 78.61378, 10.11272,12.51,1.15
 76.43508, 10.15480,12.51,0.65
 76.30911, 10.16951,12.51,0.90
 77.14671,  9.96962,12.51,0.81
 82.45671,  6.84307,12.51,0.89
 79.30475,  7.21508,12.51,2.07
 77.75940, 10.31205,12.51,1.09
 77.10954,  6.83058,12.51,1.38
 79.45114,  7.93434,12.51,0.95
 78.71775,  6.08772,12.51,1.03
 78.95835, 10.14163,12.51,1.04
 81.17104,  8.81012,12.51,1.63
 79.72774, 11.95051,12.51,1.73
 81.03262,  8.94047,12.51,0.93
 82.19436,  9.59956,12.51,1.02
 79.74398,  6.56626,12.51,0.66
 81.60329,  6.07831,12.51,3.33
 82.49534,  7.22838,12.51,0.90
 78.96875,  7.47932,12.51,0.76
 79.90810, 10.10779,12.51,1.76
 79.64628,  8.79226,12.52,2.66
 79.93183,  6.80550,12.52,1.25
 78.30964,  6.05100,12.52,0.80
 81.83723,  7.33545,12.52,1.63
 81.99535,  9.09819,12.52,1.10
 78.02657, 10.15845,12.52,1.15
 82.47420, 10.09578,12.52,0.95
 79.02961,  8.89802,12.52,1.91
 78.56004,  6.51088,12.52,0.88
 78.21268,  8.04843,12.52,0.82
 82.60865,  8.64096,12.52,1.40
 83.07278,  8.34465,12.52,0.90
 80.96049, 10.95273,12.52,1.34
 77.16275,  7.12513,12.52,0.77
 82.48222,  9.16400,12.52,0.86
 78.80778, 11.82103,12.52,1.11
 78.78050,  6.97971,12.52,1.22
 77.38915, 11.20499,12.52,1.01
 81.67667,  8.40975,12.52,2.10
 82.54320,  8.49954,12.52,1.07
 80.96213,  7.30074,12.52,1.10
 76.98542, 10.62222,12.52,0.87
 78.88567,  8.12886,12.52,1.01
 77.45907,  8.14904,12.52,0.94
 81.45189,  9.40746,12.52,0.41
 79.63650,  5.83434,12.52,0.42
 77.00851, 10.25034,12.52,0.00
 82.28821,  8.23992,12.52,0.88
 79.41581, 10.28482,12.52,1.26
 82.82538,  9.99180,12.52,1.54
 78.18181,  7.10306,12.52,0.74
 79.27383,  9.68242,12.52,0.36
 83.04158,  7.22536,12.52,0.95
 78.40175,  6.39795,12.52,1.25
 80.32633,  9.82228,12.52,1.03
 82.24639,  6.30697,12.52,0.91
 81.98355,  7.22748,12.52,1.04
 78.57235,  9.86537,12.52,0.89
 81.92177,  9.85440,12.52,0.92
 77.02269,  9.71383,12.52,1.48
 75.87588,  9.93077,12.52,1.39
 80.33035,  5.47524,12.53,0.94
 78.85943,  6.65930,12.53,1.27
 80.12400,  7.77954,12.53,2.12
 77.56005,  6.75313,12.53,0.77
 79.29825,  8.35525,12.53,0.72
 79.04060,  6.73362,12.53,0.70
 78.68517,  6.93006,12.53,0.91
 80.97737,  8.07386,12.53,1.68
 81.14658, 10.19020,12.53,1.06
 78.53270,  6.75011,12.53,0.77
 77.36728,  8.06848,12.53,1.37
 83.06390,  7.40600,12.53,0.96
 80.58188,  6.21439,12.53,1.25
 76.13781,  8.44215,12.53,0.78
 78.98264,  5.95006,12.53,0.80
 79.11640, 10.30695,12.53,1.71
 78.24081, 11.76575,12.53,1.06
 81.21556,  5.68721,12.53,0.65
 81.85101,  6.45572,12.53,1.08
 76.74531,  7.80344,12.53,0.64
 81.55240,  7.64483,12.53,1.60
 76.54544,  6.80947,12.53,1.19
 79.79885,  5.84750,12.53,0.88
 82.03776, 10.04340,12.53,0.93
 83.19092,  7.23673,12.53,0.71
 78.18159, 10.63561,12.53,1.11
 79.37422, 10.67718,12.54,0.93
 78.98787, 10.26309,12.54,1.11
 82.20559, 10.46454,12.54,1.42
 82.76185, 10.29515,12.54,0.55
 83.06293,  7.20063,12.54,1.82
 78.86288, 12.30065,12.54,1.15
 76.77013, 10.52909,12.54,0.95
 82.35049, 10.67892,12.54,1.00
 82.63727, 10.46236,12.54,1.50
 82.54245,  8.63460,12.54,1.57
 79.36094,  9.18709,12.54,1.35
 78.61224,  6.84524,12.54,0.76
 78.52577,  7.47894,12.54,1.23
 77.10848,  8.32134,12.54,0.91
 80.96958,  6.09716,12.54,0.85
 78.22869,  6.04644,12.54,0.82
 82.97873,  8.13154,12.54,2.10
 78.39028,  6.92074,12.54,1.31
 77.00166,  6.60073,12.54,0.91
 79.75621,  9.43181,12.54,0.98
 80.83807,  8.93069,12.54,0.87
 79.74591, 10.42207,12.54,1.46
 82.79571,  7.39099,12.54,0.96
 82.89306,  8.07671,12.54,1.44
 77.47937,  8.96111,12.54,0.61
 82.40171,  9.03716,12.55,1.05
 82.05471, 10.34148,12.55,0.76
 78.23194,  6.92361,12.55,0.93
 79.04525, 12.40394,12.55,1.72
 80.27250,  7.07664,12.55,0.93
 82.68686,  8.65451,12.55,1.59
 76.30853,  7.79679,12.55,0.85
 77.59187,  9.46436,12.55,1.28
 82.24101, 10.69594,12.55,1.43
 77.48286,  6.62602,12.55,1.29
 79.60883,  7.71264,12.55,1.42
 76.16430, 10.16029,12.55,0.78
 81.34960, 10.38443,12.55,1.04
 79.73694,  6.03353,12.55,0.75
 80.11819,  9.26802,12.55,1.05
 79.99474,  4.63270,12.55,1.31
 79.54999,  6.56940,12.55,1.03
 81.49962,  8.18415,12.55,0.89
 79.74562,  8.48518,12.55,1.71
 82.52791,  7.98553,12.55,1.02
 79.06304,  8.21689,12.55,0.79
 82.39953,  9.58674,12.55,0.86
 77.48583,  6.46778,12.55,0.84
 78.95534, 12.14442,12.55,1.73
 77.33022,  9.71708,12.55,0.75
 82.27291,  7.38214,12.55,1.53
 81.80718,  9.20216,12.55,0.91
 77.04507,  5.91039,12.55,1.10
 77.49967,  5.96508,12.55,0.98
 79.50342, 10.70455,12.55,1.80
 78.37967,  9.50528,12.55,1.42
 82.10261, 10.95614,12.55,1.05
 81.85525,  8.84261,12.55,1.54
 81.23170,  9.49906,12.56,1.47
 77.37124,  8.38719,12.56,0.89
 81.91597,  7.29825,12.56,1.51
 81.49182,  6.62823,12.56,1.77
 79.15909,  5.71036,12.56,0.72
 78.31460,  6.20244,12.56,0.88
 79.38429,  9.52389,12.56,1.57
 78.08122,  5.51838,12.56,0.73
 82.57104,  7.63694,12.56,0.78
 76.64345,  9.04801,12.56,1.49
 79.36809, 10.86400,12.56,1.10
 81.76481, 10.08603,12.56,1.71
 77.09305,  6.32099,12.56,1.45
 81.21599,  5.69211,12.56,0.75
 76.78050,  7.32779,12.56,1.22
 80.04355,  5.79263,12.56,1.27
 80.99790,  7.32214,12.56,1.88
 76.25934,  9.71641,12.56,0.71
 80.91299,  9.99586,12.56,0.88
 81.86777, 11.05916,12.56,0.86
 78.43285,  6.76005,12.56,0.84
 81.62213,  6.99372,12.56,0.86
 78.06874, 10.26785,12.56,0.90
 81.97512, 10.15330,12.56,0.77
 81.04773,  6.01551,12.56,0.89
 80.25555,  8.23503,12.56,1.65
 77.03087,  7.36786,12.56,1.27
 82.29562,  7.96371,12.56,0.89
 76.29124,  7.64095,12.56,1.53
 77.28986, 10.21074,12.56,1.49
 79.63072,  6.39132,12.56,0.84
 82.56242,  6.56817,12.56,0.72
 78.29314,  7.24888,12.56,1.36
 82.44490, 10.83938,12.57,0.91
 78.71890,  8.89267,12.57,1.58
 77.69031,  8.42062,12.57,0.61
 79.66837,  6.82749,12.57,1.23
 76.04913,  9.22205,12.57,0.99
 77.61341,  7.72716,12.57,0.97
 77.28447,  5.99642,12.57,0.83
 77.11978,  6.97380,12.57,0.67
 76.85026,  9.77476,12.57,0.62
 80.85049,  7.00384,12.57,1.07
 81.38807,  9.15121,12.57,1.54
 76.33576,  7.56930,12.57,0.88
 79.42592,  5.79647,12.57,0.92
 79.76532,  9.63345,12.57,1.54
 77.90689,  5.84302,12.57,0.84
 79.14897, 10.03070,12.57,2.25
 77.15627,  7.82105,12.57,1.29
 82.92010,  8.66784,12.57,0.95
 82.14017,  6.53518,12.57,1.51
 82.09755,  9.84646,12.57,1.97
 79.23807, 10.22292,12.57,1.49
 78.16533,  6.33257,12.57,1.21
 78.16536,  7.86685,12.57,1.38
 75.94105,  9.41298,12.57,1.12
 77.29129,  9.88699,12.57,1.34
 80.70540,  5.67066,12.57,0.87
 79.17370, 12.41118,12.57,0.96
 81.33954,  9.26611,12.57,1.93
 81.66323, 11.12778,12.57,0.95
 77.41448,  6.06576,12.57,1.17
 79.73693,  6.23688,12.57,0.80
 79.97923, 11.04329,12.57,0.88
 82.04687,  7.16596,12.57,1.70
 77.73133,  7.83969,12.57,0.64
 76.45533,  6.37323,12.58,0.67
 81.29314,  9.84000,12.58,1.16
 82.42659,  7.87167,12.58,0.44
 82.80789,  6.97851,12.58,1.02
 79.83019,  5.46226,12.58,0.82
 79.13980, 10.87851,12.58,0.97
 76.37451,  7.38075,12.58,0.75
 81.08243,  5.81315,12.58,0.98
 80.80771,  5.31487,12.58,1.29
 81.16361, 11.31416,12.58,0.95
 78.10978,  6.90186,12.58,0.84
 81.55860,  9.95614,12.58,0.80
 81.23540, 10.06452,12.58,0.93
 77.18735, 10.40918,12.58,1.28
 76.23610,  8.34399,12.58,0.81
 77.45267,  8.93310,12.58,1.03
 80.35255,  9.00254,12.58,1.44
 82.92606,  7.57770,12.58,0.79
 79.68491, 11.27805,12.58,1.73
 78.79099,  7.05848,12.58,0.55
 79.81594,  9.93573,12.58,0.92
 80.15499,  9.04790,12.58,2.41
 79.25396,  5.02200,12.58,1.58
 78.72151,  9.96748,12.58,1.40
 76.32797,  8.23011,12.58,1.25
 78.71296,  7.04307,12.58,0.73
 82.21530, 11.04194,12.58,1.59
 80.31995,  5.40542,12.58,1.52
 76.22345,  6.94411,12.58,0.95
 77.91269,  6.67824,12.58,1.16
 78.10321,  9.21508,12.58,0.94
 79.72245,  5.81382,12.58,1.12
 80.61024,  6.22753,12.58,1.29
 82.31460,  7.37268,12.58,1.45
 81.13373,  8.71668,12.58,1.37
 82.44969,  6.79086,12.59,1.43
 77.99379,  6.67116,12.59,1.48
 80.94436,  5.32937,12.59,1.39
 82.27153,  7.03801,12.59,1.45
 77.17231,  9.30823,12.59,0.62
 79.96064,  5.24427,12.59,1.35
 79.98941,  9.38260,12.59,0.91
 78.84375,  6.80809,12.59,0.87
 79.14811,  9.11862,12.59,0.99
 79.71681,  6.10096,12.59,1.41
 77.93131,  8.40579,12.59,1.12
 76.74324, 10.37518,12.59,1.02
 77.11518,  5.88796,12.59,0.65
 78.01106,  8.39762,12.59,1.06
 81.13426,  5.62764,12.59,1.63
 80.59447,  5.13936,12.59,1.39
 82.05045,  9.36496,12.59,0.89
 82.72415,  9.82635,12.59,1.05
 77.93236,  7.61816,12.59,1.63
 82.84319,  9.95830,12.59,0.50
 78.10186,  7.05280,12.59,1.37
 76.61603,  8.33286,12.59,1.30
 79.35088,  6.93022,12.59,0.93
 78.24283,  9.04700,12.59,1.30
 77.69238,  8.41270,12.59,1.06
 79.58712,  8.62465,12.59,1.79
 78.18552,  7.76231,12.59,0.90
 77.54243,  8.58187,12.59,1.39
 80.40310,  5.64744,12.59,0.80
 79.91522,  5.21128,12.59,1.01
 79.53071, 10.15967,12.59,0.80
 79.38734, 12.24308,12.59,3.05
 82.29745,  8.09398,12.59,0.97
 80.95135,  7.49074,12.59,1.03
 77.04015,  7.01932,12.60,0.97
 76.62388,  6.42191,12.60,0.74
 82.97962,  7.25639,12.60,0.69
 78.17135, 10.25998,12.60,1.58
 80.41129,  6.90570,12.60,0.94
 79.53177, 10.02488,12.60,0.83
 82.50525, 10.45208,12.60,1.06
 78.38335,  5.90477,12.60,0.70
 82.58796,  9.26790,12.60,1.35
 77.99949,  5.81372,12.60,1.14
 81.03458,  9.72592,12.60,0.76
 80.77103,  6.18650,12.60,1.20
 76.81198,  8.98434,12.60,0.94
 77.03346,  8.19941,12.60,0.76
 80.23316,  4.82127,12.60,0.79
 82.75052, 10.51442,12.60,0.81
 77.94709,  8.94257,12.60,1.27
 78.78665,  5.80410,12.60,1.50
 80.57774,  8.73016,12.60,1.07
 76.55165,  6.28746,12.60,0.89
 77.16072,  6.24556,12.60,0.80
 76.78178, 10.75635,12.60,0.84
 77.96909,  8.07056,12.60,1.02
 82.30869,  6.34073,12.60,1.76
 80.30521,  5.06311,12.60,1.44
 79.12160, 10.92840,12.60,1.28
 77.86642,  9.10346,12.60,0.65
 77.85205,  5.57234,12.60,1.26
 82.63661,  9.58683,12.60,1.45
 81.50939, 10.17057,12.60,1.51
 81.65382,  8.50610,12.60,1.17
 82.58528,  7.02074,12.60,0.93
 80.92966,  6.46025,12.60,0.96
 76.89025,  8.33466,12.60,0.76
 81.29357,  5.67862,12.60,1.27
 76.80477,  8.25483,12.60,0.86
 80.54218, 11.34357,12.60,1.68
 76.46918,  6.41681,12.60,1.00
 78.24526, 10.14658,12.60,1.67
 82.02949,  8.49195,12.60,0.79
 78.28494,  7.68079,12.61,0.89
 80.86373,  9.52399,12.61,1.15
 80.77385,  5.90516,12.61,0.74
 78.73856, 11.95716,12.61,2.27
 78.61719,  8.07885,12.61,0.95
 79.78047,  6.18839,12.61,0.81
 82.18010, 10.83082,12.61,0.92
 77.36308,  6.63112,12.61,0.93
 78.41567,  7.31569,12.61,0.88
 77.26362,  7.71689,12.61,0.82
 79.29660,  8.64606,12.61,2.05
 81.32628,  9.58320,12.61,2.41
 79.29440,  6.79641,12.61,0.85
 80.72344,  5.60585,12.61,1.35
 81.57790,  7.11878,12.61,1.28
 77.31110,  8.27891,12.61,0.93
 77.23965,  6.45286,12.61,1.14
 78.66722,  9.03196,12.61,1.44
 76.14808, 10.00115,12.61,1.03
 82.54281,  7.69005,12.61,0.65
 76.46102, 10.07153,12.61,1.52
 76.34321,  7.09091,12.61,0.91
 79.11264,  5.79252,12.61,1.17
 78.23101, 10.63927,12.61,1.76
 82.84809,  7.23900,12.61,0.84
 81.67117,  7.94578,12.61,0.97
 79.93869,  6.35026,12.61,0.82
 80.32570,  9.43244,12.61,1.18
 81.01032,  9.88744,12.61,0.48
 78.56139,  8.75278,12.61,1.02
 79.28805,  5.52193,12.61,1.21
 79.55178,  9.04597,12.61,1.21
 76.46770,  9.92383,12.61,0.93
 78.34376,  7.46402,12.61,0.79
 81.59273,  7.89527,12.61,1.47
 78.47016,  7.39785,12.61,1.22
 80.05815,  6.31067,12.61,0.91
 77.89282,  9.15691,12.61,1.16
 79.65737, 10.63345,12.61,2.16
 76.31291, 10.08250,12.61,0.98
 79.44454, 12.22889,12.62,1.16
 79.38579,  7.93815,12.62,1.65
 82.20961,  6.84860,12.62,0.85
 81.23849,  8.92124,12.62,1.07
 81.39672,  5.77588,12.62,1.27
 81.27204, 10.58749,12.62,1.97
 80.53407,  9.49101,12.62,0.93
 79.74358,  6.02074,12.62,0.83
 80.82804, 11.42483,12.62,1.24
 82.14461, 10.38002,12.62,1.57
 79.93754, 10.97029,12.62,2.41
 78.19702, 11.39030,12.62,1.16
 76.06209,  9.77420,12.62,0.85
 83.07685,  7.66047,12.62,1.01
 80.34129,  8.08161,12.62,1.86
 82.76891,  7.19641,12.62,0.79
 83.03168,  8.06340,12.62,1.44
 79.39794,  7.92713,12.62,0.91
 82.70834,  7.04703,12.62,0.94
 79.42772,  5.02794,12.62,1.16
 82.01116,  9.70742,12.62,2.00
 80.67000, 11.60689,12.62,2.11
 81.64949,  6.37584,12.62,2.12
 76.89488,  7.43881,12.62,0.80
 82.55366, 10.37817,12.62,0.83
 80.19419,  6.79450,12.62,0.90
 82.31327, 10.46722,12.62,0.96
 80.28170, 10.36132,12.62,1.94
 78.28284,  9.25887,12.62,0.97
 78.94462,  8.57496,12.62,1.57
 79.56631,  6.50380,12.62,0.71
 77.62302,  7.14582,12.62,1.86
 76.34225,  8.83037,12.62,0.87
 77.15822,  8.37915,12.62,0.76
 81.67002,  8.11249,12.62,0.90
 79.68028,  5.08346,12.62,1.15
 80.09016,  5.12121,12.62,1.73
 76.87066,  8.70415,12.62,0.83
 82.67156,  6.60895,12.62,1.10
 78.30931,  8.02869,12.63,1.14
 78.32500,  5.40737,12.63,0.89
 79.66770,  5.93861,12.63,0.75
 81.47079,  9.14125,12.63,0.95
 82.34237,  6.54828,12.63,1.47
 80.07686, 11.58353,12.63,1.95
 80.88923,  9.96225,12.63,1.07
 78.09621,  8.74753,12.63,0.78
 79.53710,  7.96635,12.63,1.79
 81.02817, 11.29241,12.63,1.63
 78.83389,  8.75178,12.63,1.88
 78.68522,  6.64319,12.63,0.72
 78.31288,  5.45775,12.63,0.96
 77.52738,  9.53689,12.63,0.94
 80.31205,  8.63412,12.63,1.08
 77.77084,  6.74345,12.63,2.28
 81.86872,  7.03591,12.63,0.72
 79.17168,  7.32957,12.63,1.07
 82.94167,  7.80982,12.63,1.51
 82.95264,  7.67166,12.63,1.49
 80.82553,  9.47948,12.63,1.46
 79.47030, 10.49531,12.63,1.89
 78.07415, 11.37722,12.63,1.77
 80.42799,  8.98182,12.63,1.90
 80.44718,  5.06073,12.63,0.60
 82.65640, 10.20217,12.63,1.63
 80.15527,  4.83777,12.63,1.25
 81.66288,  9.05207,12.63,1.14
 81.75798,  8.49511,12.63,1.00
 80.87101,  9.99712,12.63,2.11
 80.10514,  7.83883,12.63,1.45
 77.61692,  7.19389,12.63,1.46
 81.34766, 11.30718,12.63,1.24
 80.63193,  5.47372,12.63,1.00
 80.16130, 12.05321,12.63,1.30
 81.27917,  9.10288,12.63,1.67
 79.08844,  6.25978,12.64,0.43
 78.97725,  5.32575,12.64,0.73
 79.26693,  8.81374,12.64,1.07
 79.73264, 10.47177,12.64,0.64
 78.75392,  8.20868,12.64,1.03
 80.16599, 11.00134,12.64,1.16
 82.19838,  7.32447,12.64,0.95
 79.72298, 10.08877,12.64,1.65
 78.31312,  9.25681,12.64,0.76
 78.44675,  9.96707,12.64,0.91
 81.68045,  9.76688,12.64,0.89
 79.29776, 10.95066,12.64,1.12
 82.67507,  8.96692,12.64,0.93
 76.97428,  6.25682,12.64,0.93
 79.31082,  5.56789,12.64,1.40
 77.96160,  9.34237,12.64,1.39
 77.62520,  5.96651,12.64,0.93
 80.60893,  9.38688,12.64,1.11
 81.93789,  6.71045,12.64,0.93
 79.96191,  5.38877,12.64,1.40
 81.20136,  8.16172,12.64,1.38
 78.13085,  5.49130,12.64,0.68
 78.44530,  5.50381,12.64,0.62
 78.84677,  8.90325,12.64,1.99
 81.80998,  6.80441,12.64,1.52
 82.57803, 10.97499,12.64,1.25
 79.77250,  6.88870,12.64,1.29
 77.93475,  6.12498,12.64,1.09
 82.28588,  7.56205,12.64,0.85
 81.49151,  9.41632,12.64,0.83
 79.10422, 12.29210,12.64,1.40
 78.76277,  5.72024,12.64,0.89
 82.44090,  8.96416,12.64,0.74
 76.68190,  7.43241,12.64,0.87
 81.61936,  9.01423,12.64,1.02
 77.90361,  7.39218,12.64,0.83
 81.31560,  7.01194,12.64,1.20
 77.43624,  8.52410,12.64,1.38
 77.82299,  5.80527,12.64,1.26
 79.17875,  5.10033,12.64,0.78
 78.57973,  7.55839,12.64,1.16
 83.00012,  8.71169,12.64,0.98
 81.90404,  6.14468,12.64,0.94
 77.73561,  7.24862,12.64,0.85
 79.34169, 10.30796,12.65,0.80
 76.59525,  6.88737,12.65,0.97
 76.54142,  9.34720,12.65,0.93
 77.35308,  6.13078,12.65,0.88
 78.77935, 10.70367,12.65,1.60
 81.36373,  7.65292,12.65,1.01
 79.75832,  6.40235,12.65,0.86
 80.81995, 10.98004,12.65,0.94
 79.49935,  8.08966,12.65,2.42
 80.81327, 10.89924,12.65,0.99
 76.74947,  7.84882,12.65,0.71
 79.45738, 10.57463,12.65,0.99
 79.40456,  7.11655,12.65,2.38
 80.12415, 11.33331,12.65,0.88
 81.83029,  8.68874,12.65,0.97
 76.38117,  9.80890,12.65,0.76
 77.18221,  8.85553,12.65,0.96
 79.18561,  9.41975,12.65,0.88
 78.33378, 11.24564,12.65,1.87
 76.73157,  6.22960,12.65,1.20
 82.56399,  6.62612,12.65,1.44
 80.94380,  8.00469,12.65,1.70
 81.61743,  6.81584,12.65,1.02
 81.75854,  6.93508,12.65,1.28
 79.60700, 11.96124,12.65,1.74
 78.99740, 10.26401,12.65,0.99
 81.98664,  9.96835,12.65,0.68
 77.63096,  9.86804,12.65,0.89
 79.85213,  7.72052,12.65,2.43
 78.95931, 12.20071,12.65,1.60
 82.83282,  9.54307,12.65,1.02
 83.09621,  6.90674,12.65,1.96
 81.19643,  8.71558,12.65,0.76
 77.08950,  9.57404,12.65,1.36
 81.84934,  9.70479,12.65,0.93
 80.00253,  6.95834,12.65,0.81
 78.14399,  8.74732,12.65,0.95
 82.74306,  7.16747,12.65,1.98
 82.13051,  7.85453,12.65,1.74
 82.42712,  7.56792,12.66,0.98
 78.83426,  7.93893,12.66,0.76
 81.72554,  6.51443,12.66,1.54
 79.35003, 10.87284,12.66,1.69
 80.19133,  9.07997,12.66,1.37
 78.21785,  8.13329,12.66,1.31
 79.45690,  9.04318,12.66,1.86
 83.06604,  8.18290,12.66,0.89
 76.99314,  8.49877,12.66,1.75
 76.92163,  7.08971,12.66,0.82
 81.84224,  6.48422,12.66,1.12
 78.45856, 10.90599,12.66,0.92
 79.22800,  9.85540,12.66,1.10
 79.24866, 12.32890,12.66,1.56
 82.34259,  8.21140,12.66,0.87
 81.24618,  6.54548,12.66,2.29
 77.52974,  9.54066,12.66,0.92
 82.02840,  8.66320,12.66,1.50
 76.50493,  9.62053,12.66,1.28
 81.24896,  8.80580,12.66,1.71
 77.33383,  9.56589,12.66,0.84
 77.66624,  8.33749,12.66,1.08
 81.27619, 10.26239,12.66,1.44
 82.62632,  9.04409,12.66,1.11
 76.63057,  7.94677,12.66,1.94
 78.49994,  9.43683,12.66,1.36
 78.73085,  7.44524,12.66,1.31
 80.80804,  8.05874,12.66,1.34
 77.41695,  8.85109,12.66,0.79
 77.72821,  5.72012,12.66,0.72
 79.35767,  5.14397,12.66,0.91
 82.54635, 10.12345,12.66,1.88
 79.35976, 11.28051,12.66,1.91
 79.46530,  5.17235,12.66,0.76
 79.19559, 10.30888,12.66,1.04
 79.70805,  9.64932,12.66,1.42
 80.15373, 11.67471,12.66,1.15
 79.05611,  7.56469,12.66,0.89
 80.46664,  7.69889,12.66,2.18
 82.41734, 10.40889,12.67,0.88
 79.23479,  6.02645,12.67,0.68
 77.24900,  8.51344,12.67,0.59
 76.68099,  7.62027,12.67,1.24
 79.07820,  8.18006,12.67,0.88
 78.79355,  6.98939,12.67,0.63
 76.87299,  6.05380,12.67,0.77
 76.33503,  9.16535,12.67,0.86
 82.55828,  8.40166,12.67,0.93
 76.46476,  6.64465,12.67,1.28
 80.22028,  7.70301,12.67,0.91
 81.61844,  9.24427,12.67,0.69
 82.38972,  9.40145,12.67,1.03
 78.64999,  7.44025,12.67,0.82
 78.56509,  9.54462,12.67,0.96
 79.25239,  5.37393,12.67,1.16
 78.28828, 10.05302,12.67,0.95
 77.02543,  7.37045,12.67,1.43
 78.67161,  6.67770,12.67,0.65
 81.24850,  6.24257,12.67,0.89
 78.81532,  7.54308,12.67,0.88
 82.07433,  8.30976,12.67,0.86
 79.05582, 12.41811,12.67,0.92
 76.71924,  6.96511,12.67,0.83
 76.39184,  7.05247,12.67,0.74
 79.83887, 11.45483,12.67,1.75
 77.85697,  5.86900,12.67,0.79
 80.10283,  7.15432,12.67,2.05
 78.02353,  6.06202,12.67,0.93
 80.98305,  6.16110,12.67,1.32
 76.55606,  8.43723,12.67,0.87
 79.57663, 10.69165,12.67,1.21
 77.25472,  5.82916,12.67,0.91
 82.58168,  8.08709,12.67,0.85
 78.09964,  7.68754,12.67,0.67
 78.62193,  6.94443,12.67,0.67
 80.71082, 11.18642,12.67,1.62
 81.21722,  9.80769,12.67,0.81
 79.49336,  7.57161,12.67,1.05
 81.11283, 10.11924,12.67,0.79
 81.21311, 10.83403,12.67,0.97
 79.83942, 11.25256,12.67,0.97
 81.25258,  8.59014,12.67,1.16
 82.18474, 10.83894,12.68,1.57
 75.99510,  8.44610,12.68,1.45
 76.55567,  8.11473,12.68,0.87
 78.30497,  5.90339,12.68,0.84
 80.03992,  8.43134,12.68,2.13
 79.75679,  9.43312,12.68,1.15
 82.59272, 10.05962,12.68,0.88
 81.94716, 10.36575,12.68,0.93
 76.61239, 10.00234,12.68,1.21
 79.47070,  4.86497,12.68,1.43
 80.72575, 10.94665,12.68,0.99
 77.10459,  8.51196,12.68,1.28
 77.46294,  9.42892,12.68,0.71
 79.14900,  7.61811,12.68,0.91
 82.91434,  9.60572,12.68,1.47
 82.37247,  7.42410,12.68,1.57
 80.74828,  8.79814,12.68,1.12
 81.47761,  7.14864,12.68,1.23
 77.21898,  9.03627,12.68,0.75
 76.60326, 10.41257,12.68,0.73
 78.66655,  9.24011,12.68,1.44
 78.88354,  7.62518,12.68,1.16
 77.67864,  7.95061,12.68,0.90
 76.94789,  8.06950,12.68,0.93
 79.53031,  5.15088,12.68,0.66
 81.49029, 10.89906,12.68,2.02
 81.88383,  8.32126,12.68,0.96
 79.33848,  6.80915,12.68,0.59
 78.67600,  8.59827,12.68,1.01
 80.95960,  9.15734,12.68,1.68
 79.41895, 11.10214,12.68,1.00
 81.31598,  5.65191,12.68,1.03
 78.30855, 11.74579,12.68,1.17
 82.77178, 10.83168,12.68,1.17
 80.47177, 10.39239,12.68,0.95
 77.45470,  7.35654,12.68,0.91
 79.36621, 12.08196,12.68,1.93
 78.65622,  7.50079,12.68,0.78
 77.17668,  9.99446,12.68,0.93
 80.88555,  7.93519,12.69,2.39
 76.90867, 10.17141,12.69,0.97
 81.54828,  8.95190,12.69,1.00
 81.95745,  6.34442,12.69,1.11
 81.60749,  9.66455,12.69,0.96
 80.27226, 11.27154,12.69,1.11
 77.60939, 10.05675,12.69,1.68
 77.11864,  6.97291,12.69,0.68
 77.52516,  9.94200,12.69,0.74
 78.34965,  9.15005,12.69,0.86
 82.67294,  8.80509,12.69,0.73
 76.55302,  7.33831,12.69,1.27
 79.54362, 10.15107,12.69,0.96
 81.86621,  7.49884,12.69,1.12
 77.12937,  5.96707,12.69,1.88
 78.86172,  7.56304,12.69,0.87
 81.51641, 11.30421,12.69,2.46
 78.72310,  9.11333,12.69,0.77
 81.23787, 11.59475,12.69,1.79
 78.11598,  5.60707,12.69,1.30
 79.29852,  9.52842,12.69,0.73
 81.92296, 10.40511,12.69,1.45
 79.22315,  6.02739,12.69,0.68
 79.21335,  8.70727,12.69,1.16
 82.65474, 10.11771,12.69,0.48
 80.03644,  4.66912,12.69,0.88
 79.25759,  5.13840,12.69,0.69
 79.81010, 10.67825,12.69,0.96
 81.15689,  8.48358,12.69,1.74
 78.93454,  6.40033,12.69,1.32
 76.17759,  7.33758,12.69,1.34
 79.01387,  8.67406,12.69,1.11
 78.11013,  7.80412,12.69,0.91
 78.43676,  8.78909,12.69,0.86
 77.93191,  7.81810,12.70,0.76
 79.01012,  8.14723,12.70,1.38
 78.00215,  7.17222,12.70,0.88
 81.59901,  5.97371,12.70,0.88
 78.46936,  7.10499,12.70,1.13
 82.61274,  8.97642,12.70,1.42
 79.55573,  7.01689,12.70,1.16
 81.82827, 10.79229,12.70,2.43
 79.33684,  8.94383,12.70,1.52
 79.79217,  5.47282,12.70,0.74
 79.33028,  8.34602,12.70,1.47
 83.02048,  8.15433,12.70,1.60
 78.70556,  7.38225,12.70,0.79
 76.42966,  9.62436,12.70,0.62
 76.71798,  8.45291,12.70,0.92
 77.87892, 11.13159,12.70,1.15
 81.07472,  7.17797,12.70,1.06
 80.52920,  5.12324,12.70,0.94
 79.21320,  6.59724,12.70,2.05
 79.79855, 10.37561,12.70,1.13
 80.13639,  8.52773,12.70,0.98
 82.55472,  6.49432,12.70,0.95
 80.27425, 10.83446,12.70,0.88
 80.96397,  9.37767,12.70,1.45
 80.08096, 10.67628,12.70,1.82
 75.93702,  9.14200,12.70,0.81
 81.17160, 10.83194,12.70,2.01
 80.28738, 11.31336,12.70,1.43
 81.50731,  7.85695,12.70,0.92
 82.58744, 10.40544,12.70,1.71
 79.66062,  5.54954,12.70,0.73
 78.87318, 11.73531,12.70,0.95
 82.18273,  7.44518,12.70,1.02
 82.24389, 10.76044,12.70,1.42
 78.30791, 11.28957,12.70,1.22
 79.60634,  4.80435,12.70,0.63
 81.64906,  6.26593,12.70,1.46
 76.18109,  7.71289,12.70,0.62
 77.48508,  7.62058,12.70,0.75
 79.12343,  5.82092,12.70,1.54
 81.91299,  8.63409,12.70,1.03
 80.42161,  5.94212,12.70,0.33
 79.28773,  9.06308,12.70,1.46
 75.85232,  9.66128,12.70,1.55
 79.07107,  7.64915,12.71,1.35
 82.08653,  6.47673,12.71,1.94
 82.10024,  6.60408,12.71,1.64
 80.77717,  6.41305,12.71,1.70
 79.55692, 11.88990,12.71,1.11
 77.17673,  8.29995,12.71,0.86
 82.35066,  7.81854,12.71,2.02
 76.31318,  9.63598,12.71,0.86
 78.49760,  8.28591,12.71,0.89
 77.94938,  9.11297,12.71,0.82
 78.22948,  6.26196,12.71,1.24
 76.88592, 10.56336,12.71,0.92
 79.84923,  8.63468,12.71,1.46
 81.66890,  7.99166,12.71,1.49
 78.14331,  6.59524,12.71,0.77
 80.26040, 10.84716,12.71,1.96
 76.57495,  6.72984,12.71,0.75
 81.65098, 10.96619,12.71,1.39
 81.07620, 10.38311,12.71,2.19
 78.49938,  9.72785,12.71,1.42
 76.49047,  8.98152,12.71,0.91
 81.30097,  8.87583,12.71,0.96
 81.29192,  9.97716,12.71,1.35
 80.38427,  7.02543,12.71,0.94
 81.33731,  7.83072,12.71,0.88
 81.23991, 10.02057,12.71,1.88
 78.42225,  6.39855,12.71,0.82
 77.15252,  7.66984,12.71,1.36
 78.39393,  6.22013,12.71,0.81
 80.81168,  5.47360,12.71,1.65
 82.31273,  9.89103,12.71,1.08
 79.59313, 10.93575,12.71,1.03
 78.77486,  9.30731,12.71,1.57
 81.34128,  8.40102,12.71,0.60
 82.58731, 10.55939,12.71,0.90
 82.51917,  8.91574,12.71,1.04
 78.36216,  6.58537,12.71,0.91
 76.71315,  9.04294,12.71,1.34
 81.42160, 10.73996,12.71,0.92
 81.23872,  7.41607,12.71,1.87
 82.96468,  8.40275,12.71,0.86
 77.33983,  5.78824,12.72,1.33
 82.58749, 10.90294,12.72,1.43
 76.71197,  7.23687,12.72,0.80
 78.47567, 10.51988,12.72,1.02
 81.62833, 10.25011,12.72,1.16
 78.97963,  7.62641,12.72,0.88
 81.99756,  7.84442,12.72,1.69
 82.63868,  8.71086,12.72,1.52
 78.56943,  5.37633,12.72,0.75
 78.80624,  5.67416,12.72,1.27
 76.37063,  7.68513,12.72,0.94
 77.41112,  6.98638,12.72,0.76
 80.87879,  8.27832,12.72,1.23
 79.75869,  5.06913,12.72,1.07
 78.07453,  5.77284,12.72,1.39
 80.52906,  9.49572,12.72,2.81
 80.63385,  9.94489,12.72,1.10
 82.35703,  7.57143,12.72,0.98
 81.55404, 11.09006,12.72,1.80
 82.60287,  9.66814,12.72,1.47
 82.70587,  6.93167,12.72,1.69
 78.35604, 10.32391,12.72,1.02
 76.65895,  6.04215,12.72,0.76
 79.60606,  5.32627,12.72,0.76
 78.03291,  7.07857,12.72,1.02
 76.50705,  7.15017,12.72,0.81
 77.80657,  8.50153,12.72,1.05
 80.10751,  5.34955,12.72,1.33
 78.09823,  9.59335,12.72,0.42
 79.61218, 11.04157,12.72,1.75
 77.90502, 11.52487,12.72,1.54
 76.22513,  7.83329,12.72,1.28
 79.86042,  5.99652,12.72,1.51
 80.02859,  8.00177,12.72,1.36
 78.72777,  5.68420,12.72,0.74
 78.98664, 12.15876,12.72,0.93
 79.59271,  6.19271,12.72,1.49
 78.80997,  7.35840,12.72,1.26
 79.27713,  7.63464,12.72,1.81
 78.17193,  9.73718,12.72,0.98
 82.36064,  7.59531,12.72,0.91
 79.73508,  5.81760,12.72,1.26
 78.65898,  7.15262,12.72,0.64
 77.71972,  8.67868,12.72,0.84
 78.76743,  9.15048,12.73,0.93
 80.11779,  4.71663,12.73,1.20
 81.56005,  8.99285,12.73,1.61
 79.20198,  9.10469,12.73,1.00
 77.40611,  7.66565,12.73,0.93
 81.93507,  8.16936,12.73,1.48
 81.27247,  8.25190,12.73,0.94
 77.83997,  6.28587,12.73,0.67
 77.76983, 11.23782,12.73,1.46
 81.24974,  9.30642,12.73,1.59
 78.87430,  6.02367,12.73,1.11
 77.43150,  6.63233,12.73,0.84
 80.14705, 10.44573,12.73,1.00
 81.66416, 10.92043,12.73,1.51
 79.70736,  6.36261,12.73,0.86
 77.33924,  6.51787,12.73,0.83
 80.68726,  5.56906,12.73,1.24
 78.00496,  7.03315,12.73,1.23
 76.05095,  8.10817,12.73,1.07
 78.30155,  5.39670,12.73,1.40
 76.78288,  9.67667,12.73,0.84
 77.43922,  9.13946,12.73,1.19
 82.71342,  9.60584,12.73,0.80
 75.91251,  9.32265,12.73,1.32
 77.18899,  7.35640,12.73,0.91
 80.90005,  9.38008,12.73,1.21
 82.24176,  6.35082,12.73,0.93
 78.54190,  8.56211,12.73,1.47
 80.69983,  9.43247,12.73,1.59
 77.41492,  7.82403,12.73,1.16
 81.03730, 10.92379,12.73,0.77
 79.60966,  5.28277,12.73,1.11
 80.95640,  9.19937,12.73,0.89
 78.27715,  5.77973,12.73,0.98
 80.43763,  6.32332,12.73,0.82
 79.07763, 11.20040,12.73,1.69
 80.85099,  8.02893,12.73,1.20
 78.02479,  6.00448,12.73,1.43
 79.49606, 10.74836,12.73,1.13
 82.55503,  9.66211,12.74,1.01
 78.62873, 10.29285,12.74,1.60
 81.53841,  9.50787,12.74,1.55
 76.07104,  9.44472,12.74,1.35
 79.75543,  7.70617,12.74,2.02
 78.08086, 10.07620,12.74,1.24
 83.02771,  7.56582,12.74,1.39
 80.91093,  5.53564,12.74,0.70
 78.98732,  6.28346,12.74,1.30
 75.98176,  9.92028,12.74,0.75
 81.17037, 11.50200,12.74,2.13
 81.81972,  8.45417,12.74,1.66
 82.03390,  6.64952,12.74,1.02
 82.70138,  9.85620,12.74,1.01
 76.41327,  9.17536,12.74,1.31
 80.06340,  6.20508,12.74,1.34
 78.72285,  9.95002,12.74,1.59
 79.44698,  5.87249,12.74,0.91
 77.41348,  8.95527,12.74,0.98
 83.10685,  7.32947,12.74,0.91
 76.74300,  8.77472,12.74,0.87
 78.66305,  9.93192,12.74,2.05
 81.19478,  9.64391,12.74,0.84
 81.44428, 11.26212,12.74,1.21
 78.16747, 10.28605,12.74,1.54
 80.29195,  5.30370,12.74,0.88
 77.29064,  9.14525,12.74,0.93
 76.53133,  9.63461,12.74,0.77
 80.74434,  8.02349,12.75,0.89
 80.79884,  5.80601,12.75,0.72
 80.89850, 11.26046,12.75,0.94
 80.76168,  8.67716,12.75,1.41
 77.51998,  6.11750,12.75,0.60
 76.34648,  9.69413,12.75,0.52
 79.02922, 12.45420,12.75,1.72
 79.85960, 10.15453,12.75,1.21
 80.23541, 10.57861,12.75,1.22
 81.27230,  8.52543,12.75,0.92
 79.81104, 11.50619,12.75,1.35
 79.30261,  5.49688,12.75,0.60
 77.37917,  6.99662,12.75,0.80
 76.32252,  7.63690,12.75,0.85
 80.40800,  6.34119,12.75,1.12
 80.77217,  8.39829,12.75,1.34
 76.92171,  9.39772,12.75,0.71
 79.43083,  8.41025,12.75,1.59
 77.46653,  5.91962,12.75,1.22
 78.74730,  5.21220,12.75,1.28
 80.82243,  7.98341,12.75,0.99
 81.06943, 10.53762,12.75,1.72
 77.27589,  9.95609,12.75,0.63
 77.20059,  6.10657,12.75,1.44
 78.70345,  6.63303,12.75,1.00
 81.19072,  8.70051,12.76,1.89
 77.16032, 10.97693,12.76,1.52
 78.00662,  8.09887,12.76,0.64
 82.66461,  7.41373,12.76,1.45
 80.95399,  5.45349,12.76,0.77
 80.00723,  9.97032,12.76,1.18
 77.43044,  7.65929,12.76,0.79
 80.93157,  6.32543,12.76,0.81
 81.51402,  6.10200,12.76,1.58
 81.03424, 11.64703,12.76,0.95
 76.89053,  7.79430,12.76,0.94
 81.44158,  7.41439,12.76,1.66
 81.99387, 10.92791,12.76,1.04
 81.04838, 11.33763,12.76,1.10
 79.26145,  9.01325,12.76,1.38
 78.20515,  9.05922,12.76,1.37
 82.79750,  9.30938,12.76,1.54
 78.95211,  5.42826,12.76,0.92
 77.46094,  9.06056,12.76,1.36
 79.59740,  5.15797,12.76,0.79
 80.87539,  6.08877,12.76,1.01
 78.56016,  7.15282,12.76,1.10
 78.51646,  6.97801,12.76,0.84
 81.16505, 10.88515,12.76,1.52
 77.06920,  7.70054,12.76,0.99
 76.16157,  7.39305,12.76,0.93
 76.92315, 10.24061,12.76,0.81
 79.60877,  4.90844,12.76,0.65
 82.57400,  7.23733,12.76,1.41
 77.04883, 10.85075,12.76,0.86
 83.01856,  7.95856,12.76,0.83
 77.64564,  6.48874,12.76,0.74
 77.57230,  6.67043,12.76,1.18
 78.79360,  6.98928,12.76,0.64
 77.36341,  6.66915,12.76,0.70
 77.89326,  9.15565,12.76,1.20
 77.73295,  6.45365,12.76,0.74
 81.31777,  9.99724,12.76,1.35
 76.25460,  7.98357,12.76,1.32
 79.63859,  8.77845,12.76,1.22
 81.06869, 11.57783,12.76,1.92
 78.95916, 10.46043,12.76,1.11
 77.14092,  8.39665,12.76,1.38
 78.18069,  7.44552,12.76,1.34
 78.79171, 11.78507,12.76,1.01
 77.68519,  9.44152,12.77,1.34
 80.02177,  4.88106,12.77,0.67
 77.98268, 10.36334,12.77,0.83
 78.74192,  8.47461,12.77,0.91
 78.89331,  7.49868,12.77,0.92
 79.71284,  4.80787,12.77,1.02
 79.39105,  9.79397,12.77,1.85
 78.15486,  7.06977,12.77,0.94
 79.65805,  7.74060,12.77,2.81
 78.84877, 10.95844,12.77,1.47
 81.50791,  8.44349,12.77,0.93
 76.98917,  5.96912,12.77,0.82
 80.08794,  6.41806,12.77,0.67
 79.02300,  6.90706,12.77,1.97
 82.30003,  9.10681,12.77,2.18
 82.04385,  7.87652,12.77,1.52
 78.67404, 10.58876,12.77,1.66
 81.03155, 10.06636,12.77,1.06
 77.00853,  7.15595,12.77,0.82
 82.00388,  8.34833,12.77,1.48
 79.82219,  6.53519,12.77,1.00
 78.34374,  8.97394,12.77,1.58
 79.59974, 11.32927,12.77,1.05
 78.71895,  7.43956,12.77,1.39
 78.96065, 10.42314,12.77,1.10
 79.21741,  5.32636,12.77,1.96
 81.22355,  7.00940,12.77,0.91
 79.31117,  9.39380,12.77,1.41
 81.90203,  9.23261,12.77,0.66
 80.54708,  6.34233,12.77,1.19
 76.65376,  7.58545,12.77,1.12
 81.41140, 10.51839,12.77,1.00
 82.11670,  6.41440,12.77,1.82
 81.27900,  7.23195,12.77,1.68
 79.99753, 10.83945,12.77,1.31
 77.57315, 10.62134,12.77,1.28
 76.65106, 10.01947,12.77,0.91
 78.64208,  7.36079,12.77,0.87
 82.90936,  9.35303,12.77,1.48
 76.78573,  6.42375,12.77,1.00
 78.21402, 10.39826,12.77,1.63
 81.66915,  6.94349,12.77,1.17
 77.58346,  6.82027,12.77,1.03
 76.44304,  6.90287,12.77,1.35
 78.06888,  9.98695,12.77,1.42
 78.82956,  7.31454,12.78,0.71
 81.07885,  8.37540,12.78,0.91
 80.31625,  7.88683,12.78,0.91
 80.12312, 11.13238,12.78,2.00
